time;sec;nsec;x;y;z;qx;qy;qz;qw
1518089635.799473;1518089635;799473061;-0.0005855560302734373;0.00019931793212890614;0.0;0.0;0.0;-0.0005797465239922525;0.9999998319469698
1518089635.866159;1518089635;866158864;-0.001689910888671875;-2.8610229492188584e-06;0.0;0.0;0.0;-0.0004831870131305859;0.9999998832651484
1518089635.9326973;1518089635;932697334;-0.0011253356933593748;1.716613769531239e-05;0.0;0.0;0.0;-0.0002585967275363446;0.9999999665638657
1518089636.1329727;1518089636;132972799;0.0009164810180664067;0.0002250671386718749;0.0;0.0;0.0;-0.0005194266325983768;0.9999998650979776
1518089636.1994262;1518089636;199426113;-0.0003232955932617192;0.0004892349243164062;0.0;0.0;0.0;-0.0006479342247555228;0.9999997900905983
1518089636.2661452;1518089636;266145274;5.8174133300781684e-05;-0.000301361083984375;0.0;0.0;0.0;-0.00043693381368388066;0.9999999045444167
1518089636.3994844;1518089636;399484417;-0.00064849853515625;0.00015735626220703125;0.0;0.0;0.0;-0.0004116614465746606;0.9999999152674232
1518089636.532759;1518089636;532759006;-0.0012483596801757812;-0.00010299682617187543;0.0;0.0;0.0;-0.0005299170486348936;0.9999998595939509
1518089636.600091;1518089636;600091041;-0.0009059906005859375;0.000431060791015625;0.0;0.0;0.0;-0.0006732065886257748;0.9999997733964189
1518089636.6666899;1518089636;666689825;-0.0003709793090820308;0.0002536773681640625;0.0;0.0;0.0;-0.0002829154217127172;0.9999999599794313
1518089636.732632;1518089636;732631967;0.001056671142578125;0.0006895065307617186;0.0;0.0;0.0;-0.0006295759979101138;0.9999998018170118
1518089636.9327354;1518089636;932735341;-0.0006694793701171875;-0.00014400482177734364;0.0;0.0;0.0;-0.000745685818416876;0.9999997219762915
1518089637.0662096;1518089637;66209512;0.00016689300537109375;0.0003881454467773442;0.0;0.0;0.0;-0.000631960183226833;0.9999998003131434
1518089637.1995163;1518089637;199516223;-0.0009164810180664062;0.0007104873657226561;0.0;0.0;0.0;-0.0006810743999323337;0.999999768068804
1518089637.3993928;1518089637;399392935;-0.000949859619140625;0.00012683868408203136;0.0;0.0;0.0;-0.0006085951669701918;0.9999998148059442
1518089637.53265;1518089637;532650013;0.0016899108886718754;-0.00029468536376953136;0.0;0.0;0.0;-0.00016704399526664557;0.9999999860481518
1518089637.5996652;1518089637;599665192;-9.72747802734375e-05;0.0070629119873046875;0.0;0.0;0.0;-3.758271122048593e-05;0.9999999992937699
1518089637.6661124;1518089637;666112375;0.00048065185546875;0.008753776550292969;0.0;0.0;0.0;-0.0009948331385874936;0.9999995051533908
1518089637.7327285;1518089637;732728420;0.0003385543823242183;0.016022682189941406;0.0;0.0;0.0;-0.003450537936669467;0.9999940468762539
1518089637.932716;1518089637;932715885;0.0039024353027343746;0.03199577331542968;0.0;0.0;0.0;-0.006305326836129044;0.999980121229162
1518089638.000015;1518089638;15074;0.0002384185791015625;0.04011249542236328;0.0;0.0;0.0;-0.00898316527379001;0.999959650556793
1518089638.132768;1518089638;132767928;-0.0014820098876953125;0.06100559234619141;0.0;0.0;0.0;-0.010498481723032386;0.9999448894221676
1518089638.1994407;1518089638;199440826;0.00026607513427734397;0.07265949249267577;0.0;0.0;0.0;-0.009872427021614495;0.9999512664048698
1518089638.2661562;1518089638;266156215;0.010271072387695312;0.08212566375732422;0.0;0.0;0.0;-0.00836234665306257;0.9999650349679503
1518089638.3994648;1518089638;399464736;0.01967144012451172;0.10481548309326175;0.0;0.0;0.0;-0.008242664651574238;0.9999660286626949
1518089638.5995002;1518089638;599500178;0.040332794189453125;0.13401222229003906;0.0;0.0;0.0;-0.00640546061699535;0.999979484826706
1518089638.6660454;1518089638;666045486;0.04999256134033203;0.1463022232055664;0.0;0.0;0.0;-0.006239524602786389;0.9999805339769026
1518089638.7994947;1518089638;799494656;0.0770711898803711;0.1570491790771484;0.0;0.0;0.0;-0.00687918787835871;0.9999763381071245
1518089638.932724;1518089638;932724108;0.10045909881591797;0.1672782897949219;0.0;0.0;0.0;-0.004212517870986991;0.999991127307231
1518089638.9994466;1518089638;999446642;0.1110963821411133;0.1702022552490235;0.0;0.0;0.0;-0.0036303044184105193;0.9999934104232036
1518089639.0664284;1518089639;66428418;0.12226581573486328;0.17047119140625003;0.0;0.0;0.0;-0.0033232231457329267;0.999994478078716
1518089639.2663002;1518089639;266300086;0.1622486114501953;0.167506217956543;0.0;0.0;0.0;-0.0007363874963849677;0.9999997288666909
1518089639.3328962;1518089639;332896255;0.17029953002929685;0.16741180419921872;0.0;0.0;0.0;-0.00040951567954361723;0.9999999161484505
1518089639.532782;1518089639;532782088;0.20345687866210935;0.16720294952392578;0.0;0.0;0.0;3.917625871416157e-05;0.9999999992326104
1518089639.7328253;1518089639;732825185;0.243687629699707;0.16587448120117185;0.0;0.0;0.0;0.001352355403257271;0.9999990855670136
1518089639.7997246;1518089639;799724505;0.2562990188598633;0.16620731353759768;0.0;0.0;0.0;0.0009564398493852737;0.9999995426113026
1518089639.8676043;1518089639;867604231;0.26897239685058594;0.16536712646484372;0.0;0.0;0.0;0.0018484404960394973;0.999998291632407
1518089639.999351;1518089639;999350907;0.2949047088623047;0.16576290130615237;0.0;0.0;0.0;0.001340631459654822;0.9999991013532409
1518089640.1994658;1518089640;199465797;0.3279142379760742;0.16458702087402344;0.0;0.0;0.0;0.004114017858235471;0.9999915373927232
1518089640.3326893;1518089640;332689244;0.35367774963378906;0.1632852554321289;0.0;0.0;0.0;0.004250397214938269;0.9999909670209602
1518089640.3994415;1518089640;399441404;0.3689384460449219;0.16279029846191406;0.0;0.0;0.0;0.004166971008925911;0.999991318138618
1518089640.466208;1518089640;466207961;0.3747501373291015;0.16606903076171872;0.0;0.0;0.0;0.0045097536278217425;0.999989831009404
1518089640.533009;1518089640;533009060;0.3858146667480469;0.16594600677490234;0.0;0.0;0.0;0.0047784908427458824;0.9999885829474584
1518089640.66604;1518089640;666039991;0.41216945648193365;0.164525032043457;0.0;0.0;0.0;0.0057423395234104;0.9999835126324823
1518089640.800147;1518089640;800147019;0.4361515045166015;0.1639842987060547;0.0;0.0;0.0;0.006038722667284822;0.9999817667480481
1518089640.8666317;1518089640;866631864;0.4498825073242188;0.16407012939453125;0.0;0.0;0.0;0.006082475863929573;0.9999815015725865
1518089641.0661356;1518089641;66135750;0.48273563385009766;0.1630153656005859;0.0;0.0;0.0;0.006850181123269239;0.9999765372340385
1518089641.1327186;1518089641;132718601;0.4954271316528321;0.1626749038696289;0.0;0.0;0.0;0.007323011495701228;0.9999731863918321
1518089641.2660465;1518089641;266046568;0.520329475402832;0.1624183654785156;0.0;0.0;0.0;0.007442905764826135;0.9999723011932761
1518089641.3326538;1518089641;332653714;0.5309715270996094;0.16235256195068357;0.0;0.0;0.0;0.007770668275468405;0.9999698079014949
1518089641.5328012;1518089641;532801270;0.566056251525879;0.1613273620605469;0.0;0.0;0.0;0.009474769960935416;0.9999551133596885
1518089641.5994804;1518089641;599480282;0.5769824981689454;0.16134071350097653;0.0;0.0;0.0;0.009540889012331119;0.9999544846826051
1518089641.7327664;1518089641;732766384;0.6043052673339845;0.1615810394287109;0.0;0.0;0.0;0.011131910721056161;0.9999380383622269
1518089641.7995148;1518089641;799514716;0.6155920028686523;0.16101646423339844;0.0;0.0;0.0;0.011597898604031907;0.9999327421121735
1518089641.9327705;1518089641;932770424;0.6406431198120118;0.16016197204589844;0.0;0.0;0.0;0.0132286582937645;0.9999124974715272
1518089641.9993982;1518089641;999398155;0.6526613235473633;0.15997219085693357;0.0;0.0;0.0;0.013539121321574497;0.9999083418963158
1518089642.1327755;1518089642;132775574;0.6779747009277344;0.16055679321289062;0.0;0.0;0.0;0.01334544142234591;0.999910945631281
1518089642.2000744;1518089642;200074527;0.6882677078247069;0.16067123413085938;0.0;0.0;0.0;0.01358937365809136;0.9999076601984709
1518089642.3327045;1518089642;332704445;0.713261604309082;0.15972518920898438;0.0;0.0;0.0;0.014809138817714996;0.9998903386909375
1518089642.3995733;1518089642;399573442;0.7243843078613281;0.15880489349365234;0.0;0.0;0.0;0.015508967784215741;0.9998797287265444
1518089642.5330863;1518089642;533086289;0.7460966110229491;0.1585807800292969;0.0;0.0;0.0;0.019645654469172855;0.9998070055068017
1518089642.5999613;1518089642;599961198;0.757232666015625;0.15829753875732422;0.0;0.0;0.0;0.02912958986666558;0.9995756434578625
1518089642.7996852;1518089642;799685320;0.7939205169677733;0.1598987579345703;0.0;0.0;0.0;0.06653476556506813;0.9977841073955835
1518089642.8663104;1518089642;866310396;0.804804801940918;0.15932846069335935;0.0;0.0;0.0;0.08096946875453412;0.9967165821484102
1518089642.9996943;1518089642;999694452;0.8297348022460939;0.16416835784912112;0.0;0.0;0.0;0.11302307311977446;0.9935923635689649
1518089643.0662296;1518089643;66229556;0.8397531509399413;0.16751861572265628;0.0;0.0;0.0;0.1301276800625207;0.9914972450196452
1518089643.1327226;1518089643;132722688;0.853116035461426;0.17157268524169925;0.0;0.0;0.0;0.14609108724339895;0.9892711429269742
1518089643.2663527;1518089643;266352728;0.8729934692382812;0.17996692657470703;0.0;0.0;0.0;0.17868588547412648;0.9839061715084052
1518089643.3329113;1518089643;332911191;0.8834915161132811;0.18385505676269526;0.0;0.0;0.0;0.19662954054555118;0.9804778548161327
1518089643.466211;1518089643;466211035;0.9075098037719729;0.19333171844482416;0.0;0.0;0.0;0.23229738332279282;0.9726448096306192
1518089643.5327988;1518089643;532798778;0.9185361862182616;0.19890403747558594;0.0;0.0;0.0;0.24784281775621228;0.9688002568572435
1518089643.7330527;1518089643;733052803;0.9473037719726564;0.2163829803466797;0.0;0.0;0.0;0.2978919839333717;0.95459958407085
1518089643.7996278;1518089643;799627827;0.9578294754028319;0.22409343719482416;0.0;0.0;0.0;0.315611826632805;0.9488883890582201
1518089643.8663268;1518089643;866326782;0.9685087203979493;0.23123645782470698;0.0;0.0;0.0;0.3332037294859375;0.9428548534406885
1518089643.9999368;1518089643;999936709;0.9861145019531251;0.24270343780517584;0.0;0.0;0.0;0.37179537142582014;0.928314710529967
1518089644.066374;1518089644;66374073;0.9966468811035157;0.24999237060546886;0.0;0.0;0.0;0.39243342051551133;0.9197804142633697
1518089644.2660594;1518089644;266059425;1.0202579498291016;0.272653579711914;0.0;0.0;0.0;0.4493669497041644;0.8933472698304814
1518089644.3993857;1518089644;399385685;1.034102439880371;0.29189205169677745;0.0;0.0;0.0;0.48407527800700645;0.8750263568730027
1518089644.4661064;1518089644;466106417;1.039957046508789;0.3035144805908203;0.0;0.0;0.0;0.5002656727785824;0.8658719631905125
1518089644.599596;1518089644;599596069;1.0511293411254883;0.32511138916015614;0.0;0.0;0.0;0.5239627048449919;0.8517412071348432
1518089644.6664536;1518089644;666453481;1.0556278228759766;0.3320646286010743;0.0;0.0;0.0;0.5413799930511944;0.8407780343966467
1518089644.7998517;1518089644;799851599;1.068716049194336;0.35378170013427723;0.0;0.0;0.0;0.5797904231515353;0.8147656504920686
1518089644.8679738;1518089644;867973771;1.0725431442260742;0.3669700622558593;0.0;0.0;0.0;0.5990110063798734;0.8007407909153694
1518089645.0657978;1518089645;65797866;1.0859203338623047;0.40867519378662115;0.0;0.0;0.0;0.6206853617687547;0.7840597436968627
1518089645.1319208;1518089645;131920778;1.0874795913696291;0.4176664352416992;0.0;0.0;0.0;0.6202887945417445;0.7843735152119489
1518089645.3325841;1518089645;332584152;1.0956506729125974;0.4521102905273437;0.0;0.0;0.0;0.6237477778256764;0.7816256838522713
1518089645.5327294;1518089645;532729445;1.106367111206055;0.4870176315307617;0.0;0.0;0.0;0.6248009963949757;0.7807840385816334
1518089645.666073;1518089645;666073177;1.1115150451660156;0.5107088088989259;0.0;0.0;0.0;0.6244000792243747;0.781104692768258
1518089645.73273;1518089645;732729945;1.1137170791625977;0.5232839584350586;0.0;0.0;0.0;0.6243523566546573;0.7811428388840134
1518089645.7994683;1518089645;799468176;1.1184778213500977;0.534052848815918;0.0;0.0;0.0;0.6254393866537709;0.7802727559143373
1518089645.9328048;1518089645;932804760;1.1215295791625974;0.5577602386474609;0.0;0.0;0.0;0.6321858187859752;0.7748168109468884
1518089645.999402;1518089645;999402150;1.1243104934692383;0.5680370330810546;0.0;0.0;0.0;0.632964462446408;0.7741808504993712
1518089646.1325371;1518089646;132537016;1.1317882537841797;0.5917673110961915;0.0;0.0;0.0;0.6340035792679024;0.7733301115794528
1518089646.1996362;1518089646;199636222;1.131669044494629;0.6029853820800781;0.0;0.0;0.0;0.6347618441837802;0.7727078368752361
1518089646.400128;1518089646;400127907;1.1431589126586914;0.6375827789306638;0.0;0.0;0.0;0.6367315666327366;0.7710855413333991
1518089646.4668024;1518089646;466802452;1.1440868377685547;0.649738311767578;0.0;0.0;0.0;0.6357261506731996;0.7719146723247565
1518089646.5995436;1518089646;599543492;1.1481857299804688;0.6721439361572266;0.0;0.0;0.0;0.6374388569720922;0.7705009432973542
1518089646.6663823;1518089646;666382384;1.1516609191894531;0.6835269927978516;0.0;0.0;0.0;0.6377964096609504;0.7702049985709006
1518089646.7327998;1518089646;732799654;1.1548213958740234;0.6952219009399413;0.0;0.0;0.0;0.6377835553894309;0.770215642839599
1518089646.8662207;1518089646;866220715;1.1606607437133785;0.7189102172851564;0.0;0.0;0.0;0.6398314263737773;0.7685152866563537
1518089646.9995644;1518089646;999564428;1.1637716293334959;0.7432088851928712;0.0;0.0;0.0;0.6400883225269851;0.7683013336996041
1518089647.1326632;1518089647;132663326;1.16929817199707;0.7662382125854492;0.0;0.0;0.0;0.6413442451295117;0.7672532562584904
1518089647.2662337;1518089647;266233738;1.1757087707519531;0.7891664505004883;0.0;0.0;0.0;0.6419522772514148;0.7667445948500209
1518089647.4661367;1518089647;466136798;1.1816797256469727;0.8258056640625;0.0;0.0;0.0;0.6447409247568271;0.7644011642741732
1518089647.5327291;1518089647;532729138;1.1855783462524414;0.8370742797851564;0.0;0.0;0.0;0.6442473099323328;0.7648172354523352
1518089647.5993748;1518089647;599374809;1.188667297363281;0.8474130630493164;0.0;0.0;0.0;0.6452211105715115;0.7639958890418621
1518089647.6658823;1518089647;665882390;1.1881246566772459;0.8593082427978515;0.0;0.0;0.0;0.6463937646288272;0.7630039980556932
1518089647.7990355;1518089647;799035596;1.1952123641967773;0.8875837326049805;0.0;0.0;0.0;0.6251988181810411;0.7804655263014694
1518089647.9327853;1518089647;932785338;1.1999292373657224;0.9088659286499022;0.0;0.0;0.0;0.598567570401646;0.8010723211193048
1518089647.9998517;1518089647;999851651;1.2025175094604494;0.9136581420898436;0.0;0.0;0.0;0.6004753436452671;0.7996432715118025
1518089648.0666132;1518089648;66613254;1.2050743103027342;0.9272413253784177;0.0;0.0;0.0;0.601168177754704;0.7991225325662445
1518089648.1328287;1518089648;132828821;1.2070960998535154;0.939009666442871;0.0;0.0;0.0;0.6010379931225709;0.7992204519550238
1518089648.3326352;1518089648;332635140;1.2218990325927732;0.9758768081665038;0.0;0.0;0.0;0.5747135092116502;0.8183546800316049
1518089648.3997936;1518089648;399793518;1.2201814651489256;0.9829158782958984;0.0;0.0;0.0;0.5705586235186717;0.8212568764573472
1518089648.4665046;1518089648;466504595;1.2245121002197266;0.9940633773803711;0.0;0.0;0.0;0.5708359457803386;0.8210641406157416
1518089648.533119;1518089648;533118953;1.2315454483032229;1.0047616958618164;0.0;0.0;0.0;0.5721241056811628;0.820167060847075
1518089648.7327428;1518089648;732742823;1.243457794189453;1.0381259918212886;0.0;0.0;0.0;0.5718127599164504;0.8203841585481352
1518089648.7994597;1518089648;799459668;1.2472972869873047;1.0492992401123047;0.0;0.0;0.0;0.5720448102945599;0.8202223692481576
1518089648.8660932;1518089648;866093206;1.2511568069458008;1.0610313415527342;0.0;0.0;0.0;0.5719568555817834;0.8202837041859353
1518089648.932597;1518089648;932596908;1.2553281784057617;1.072218894958496;0.0;0.0;0.0;0.571875641972922;0.8203403257904968
1518089649.1325707;1518089649;132570718;1.2677335739135742;1.1052198410034177;0.0;0.0;0.0;0.572528077099995;0.8198851144716448
1518089649.1996121;1518089649;199612259;1.2719306945800781;1.1208791732788088;0.0;0.0;0.0;0.5674756693664402;0.8233901655212494
1518089649.2663639;1518089649;266363792;1.2768239974975588;1.1342878341674805;0.0;0.0;0.0;0.5550343317275528;0.8318274404008015
1518089649.3997536;1518089649;399753478;1.2832603454589842;1.1499977111816404;0.0;0.0;0.0;0.550541904868692;0.8348075293045409
1518089649.5328734;1518089649;532873406;1.2904396057128906;1.1702966690063474;0.0;0.0;0.0;0.5503538538870261;0.8349315154620156
1518089649.5992243;1518089649;599224219;1.2969970703125004;1.182116508483887;0.0;0.0;0.0;0.5501719966154821;0.8350513601809975
1518089649.7988966;1518089649;798896485;1.3101768493652342;1.2175540924072268;0.0;0.0;0.0;0.5238975683126929;0.8517812735180595
1518089649.867693;1518089649;867692894;1.3148937225341792;1.225555419921875;0.0;0.0;0.0;0.5109770981413918;0.8595943259322983
1518089649.9996762;1518089649;999676121;1.3280611038208006;1.2424287796020508;0.0;0.0;0.0;0.5109712060107262;0.8595978284220732
1518089650.066107;1518089650;66107118;1.3363618850708008;1.2537145614624023;0.0;0.0;0.0;0.5114313347219885;0.8593241471438384
1518089650.1987977;1518089650;198797696;1.3479471206665041;1.2783260345458987;0.0;0.0;0.0;0.48906750825860695;0.8722459357117793
1518089650.398815;1518089650;398814971;1.3669443130493164;1.3047513961791992;0.0;0.0;0.0;0.4292004785955557;0.903209249937879
1518089650.532972;1518089650;532972082;1.38109016418457;1.3216543197631836;0.0;0.0;0.0;0.38436611001887977;0.9231807479951878
1518089650.6004462;1518089650;600446309;1.387007713317871;1.3263216018676756;0.0;0.0;0.0;0.3756833626487054;0.9267480839089776
1518089650.6667974;1518089650;666797469;1.395907402038574;1.335526466369629;0.0;0.0;0.0;0.36791184915553543;0.9298606730316938
1518089650.8664966;1518089650;866496656;1.425551414489746;1.3612222671508787;0.0;0.0;0.0;0.3040395026276363;0.9526594254201968
1518089650.9328501;1518089650;932850166;1.4309492111206052;1.367690086364746;0.0;0.0;0.0;0.29728865740978255;0.9547876487342559
1518089651.0660882;1518089651;66088118;1.4497041702270512;1.3831224441528323;0.0;0.0;0.0;0.2608413338505493;0.9653816854255453
1518089651.1325161;1518089651;132516030;1.4612903594970705;1.386702537536621;0.0;0.0;0.0;0.2378184699318317;0.9713096186897783
1518089651.3328617;1518089651;332861724;1.493809700012207;1.3976106643676758;0.0;0.0;0.0;0.16890562381704152;0.9856322286953567
1518089651.4000862;1518089651;400086126;1.503527641296387;1.4012088775634768;0.0;0.0;0.0;0.14515570205635;0.9894088245818955
1518089651.6004732;1518089651;600473129;1.5359020233154295;1.412830352783203;0.0;0.0;0.0;0.12728172002988228;0.9918666058226956
1518089651.7992647;1518089651;799264691;1.5746374130249023;1.4222078323364256;0.0;0.0;0.0;0.1252904263912129;0.992120108179805
1518089651.8657084;1518089651;865708331;1.58418083190918;1.4243774414062502;0.0;0.0;0.0;0.11982407610525915;0.9927951403917734
1518089651.9999983;1518089651;999998420;1.6058425903320312;1.4287462234497073;0.0;0.0;0.0;0.08555021447395368;0.996333860110887
1518089652.0669131;1518089652;66913091;1.6159715652465818;1.431801795959473;0.0;0.0;0.0;0.08471063511746316;0.9964055942727319
1518089652.133058;1518089652;133058114;1.6317262649536128;1.4345788955688479;0.0;0.0;0.0;0.08487630347077794;0.9963914959036616
1518089652.3331456;1518089652;333145660;1.665614128112793;1.4391517639160156;0.0;0.0;0.0;0.08568435953306888;0.9963223326471247
1518089652.5327268;1518089652;532726775;1.699664115905762;1.4451589584350584;0.0;0.0;0.0;0.0843113466575343;0.9964394596887425
1518089652.599337;1518089652;599337032;1.7099742889404295;1.4468050003051758;0.0;0.0;0.0;0.08367600884625215;0.9964930132939026
1518089652.6661255;1518089652;666125418;1.7250099182128902;1.4489994049072263;0.0;0.0;0.0;0.08508057950491814;0.9963740738252412
1518089652.8661368;1518089652;866136836;1.7588367462158199;1.4541015624999998;0.0;0.0;0.0;0.08545656959908254;0.9963418964955539
1518089652.999422;1518089652;999422093;1.7827844619750974;1.4584045410156252;0.0;0.0;0.0;0.08634852203781143;0.9962649912256706
1518089653.132696;1518089653;132695963;1.804134368896484;1.4608097076416018;0.0;0.0;0.0;0.08770733203628124;0.9961462863992806
1518089653.1993504;1518089653;199350281;1.8174018859863281;1.4628334045410156;0.0;0.0;0.0;0.0878734322263861;0.9961316478803164
1518089653.3324375;1518089653;332437621;1.8411035537719724;1.4634151458740237;0.0;0.0;0.0;0.0793105261684143;0.9968499588397891
1518089653.3993123;1518089653;399312339;1.8498506546020506;1.465897560119629;0.0;0.0;0.0;0.06390970917912489;0.9979556849242553
1518089653.4663727;1518089653;466372769;1.8645029067993166;1.4660739898681638;0.0;0.0;0.0;0.04496364409185266;0.9989886239141971
1518089653.5997484;1518089653;599748403;1.8897705078124998;1.4712429046630857;0.0;0.0;0.0;0.03289341166278656;0.999458865321221
1518089653.7326798;1518089653;732679918;1.9115219116210938;1.473175048828125;0.0;0.0;0.0;0.0321187746188711;0.9994840590609647
1518089653.799104;1518089653;799104091;1.9256391525268557;1.4720506668090823;0.0;0.0;0.0;0.028712321493077963;0.9995877163083179
1518089653.8654428;1518089653;865442802;1.9349193572998045;1.4700355529785156;0.0;0.0;0.0;0.009549985756784965;0.9999543978462444
1518089653.932078;1518089653;932077859;1.9443502426147456;1.4703559875488281;0.0;0.0;0.0;-0.011097354268946022;0.9999384224682185
1518089654.0658767;1518089654;65876818;1.9715604782104488;1.4734745025634763;0.0;0.0;0.0;-0.03891287394481736;0.9992426072988254
1518089654.1994495;1518089654;199449453;1.9916334152221684;1.4701175689697268;0.0;0.0;0.0;-0.07781822729501475;0.996967563916029
1518089654.266446;1518089654;266446060;2.0013732910156246;1.4703226089477537;0.0;0.0;0.0;-0.09784672946984202;0.995201495945447
1518089654.3333344;1518089654;333334522;2.018643379211426;1.4705104827880862;0.0;0.0;0.0;-0.09619801256258588;0.9953622166724074
1518089654.5324955;1518089654;532495444;2.0464735031127934;1.4587564468383791;0.0;0.0;0.0;-0.0993203337356729;0.995055511670899
1518089654.6655312;1518089654;665531138;2.0714073181152344;1.4499330520629883;0.0;0.0;0.0;-0.14559655773886784;0.9893440465149586
1518089654.7326112;1518089654;732611103;2.082167625427246;1.4459362030029301;0.0;0.0;0.0;-0.16896121408831863;0.9856227006993099
1518089654.8005564;1518089654;800556434;2.092251777648926;1.4482984542846677;0.0;0.0;0.0;-0.1863345761782271;0.9824863488723293
1518089654.9993954;1518089654;999395376;2.1240406036376953;1.4335117340087888;0.0;0.0;0.0;-0.19258738615761994;0.9812798269061561
1518089655.06555;1518089655;65550149;2.135137557983399;1.423680305480957;0.0;0.0;0.0;-0.21444212365720552;0.9767366971714474
1518089655.198932;1518089655;198931874;2.155618667602539;1.4155139923095703;0.0;0.0;0.0;-0.2648194913903416;0.9642980021651817
1518089655.266127;1518089655;266127191;2.1642704010009757;1.4104366302490232;0.0;0.0;0.0;-0.2878719885686264;0.9576688980005275
1518089655.3333077;1518089655;333307839;2.172818183898926;1.4069213867187498;0.0;0.0;0.0;-0.31179996044840763;0.9501477699096975
1518089655.533279;1518089655;533278845;2.2091588973999023;1.3906908035278316;0.0;0.0;0.0;-0.31611444293149177;0.9487210648921592
1518089655.732116;1518089655;732116093;2.230191230773926;1.3642845153808594;0.0;0.0;0.0;-0.3657814401905396;0.9307007779152947
1518089655.9329453;1518089655;932945362;2.2579536437988277;1.3465051651000972;0.0;0.0;0.0;-0.4229983663766294;0.9061304442753829
1518089656.0662155;1518089656;66215629;2.2717504501342773;1.3267545700073242;0.0;0.0;0.0;-0.439480582814437;0.8982520900777703
1518089656.1325943;1518089656;132594436;2.275277137756347;1.3131980895996096;0.0;0.0;0.0;-0.4532537200785197;0.8913815486282981
1518089656.199859;1518089656;199858813;2.2828636169433594;1.3020029067993162;0.0;0.0;0.0;-0.47001017654162563;0.8826609960496214
1518089656.2668824;1518089656;266882462;2.290751457214356;1.2927932739257815;0.0;0.0;0.0;-0.4865949892930896;0.8736276760696504
1518089656.3997576;1518089656;399757726;2.3046970367431645;1.2807865142822266;0.0;0.0;0.0;-0.491545446908246;0.870851924051255
1518089656.4664936;1518089656;466493573;2.309161186218262;1.2687292098999026;0.0;0.0;0.0;-0.4905584868163864;0.8714082688455608
1518089656.5988615;1518089656;598861353;2.320231437683105;1.2454357147216792;0.0;0.0;0.0;-0.49985986011746103;0.866106298466506
1518089656.6655369;1518089656;665536924;2.323429107666016;1.2307653427124023;0.0;0.0;0.0;-0.5155795171459281;0.8568417365532398
1518089656.7325394;1518089656;732539335;2.328590393066406;1.220176696777344;0.0;0.0;0.0;-0.5337710535185798;0.8456290335754003
1518089656.8666508;1518089656;866650745;2.341848373413086;1.2067995071411135;0.0;0.0;0.0;-0.5401773991508888;0.8415511733974241
1518089657.0000424;1518089657;42336;2.353438377380371;1.1845426559448242;0.0;0.0;0.0;-0.539514312321038;0.8419764288866747
1518089657.0660884;1518089657;66088541;2.3564023971557613;1.174873352050781;0.0;0.0;0.0;-0.5391199942820151;0.842228966353782
1518089657.1989257;1518089657;198925726;2.361591339111328;1.145221710205078;0.0;0.0;0.0;-0.5599905208919091;0.8284990141884347
1518089657.3326914;1518089657;332691315;2.371718406677246;1.1283340454101562;0.0;0.0;0.0;-0.5908730518407956;0.8067645484330261
1518089657.39974;1518089657;399740077;2.3757925033569345;1.120041847229004;0.0;0.0;0.0;-0.594153441611565;0.804351718976924
1518089657.4665694;1518089657;466569319;2.3785438537597656;1.1110334396362307;0.0;0.0;0.0;-0.5942769360291874;0.8042604822467414
1518089657.5996857;1518089657;599685763;2.3837251663208003;1.0816574096679685;0.0;0.0;0.0;-0.6045466090123549;0.7965697694060848
1518089657.6661143;1518089657;666114228;2.3864850997924805;1.0685195922851567;0.0;0.0;0.0;-0.6171194662092032;0.7868694710215082
1518089657.7990048;1518089657;799004764;2.393514633178711;1.0475807189941408;0.0;0.0;0.0;-0.6452413746226358;0.7639787748852003
1518089657.865722;1518089657;865722015;2.394068717956544;1.0352344512939455;0.0;0.0;0.0;-0.6585464508262155;0.7525400800649723
1518089657.9996915;1518089657;999691595;2.3986549377441406;1.0159158706665035;0.0;0.0;0.0;-0.6836885895761678;0.7297738776383752
1518089658.0663407;1518089658;66340682;2.3978710174560547;1.0086669921875;0.0;0.0;0.0;-0.6862120605178449;0.727401545227843
1518089658.1326616;1518089658;132661602;2.398691177368163;0.9953823089599607;0.0;0.0;0.0;-0.6890074517009744;0.724754255938197
1518089658.332217;1518089658;332216871;2.3979463577270512;0.9529943466186525;0.0;0.0;0.0;-0.72742660641078;0.6861854940799142
1518089658.3992012;1518089658;399201239;2.3968906402587895;0.9430770874023438;0.0;0.0;0.0;-0.7422221538782707;0.6701539183592833
1518089658.5331943;1518089658;533194416;2.394865989685059;0.9266672134399413;0.0;0.0;0.0;-0.7561368789273288;0.6544134933862824
1518089658.6000514;1518089658;600051315;2.3935327529907218;0.9168996810913081;0.0;0.0;0.0;-0.7566784921666734;0.6537871668152944
1518089658.7328312;1518089658;732831151;2.3916959762573233;0.8915443420410154;0.0;0.0;0.0;-0.755814909272949;0.6547853258287972
1518089658.799521;1518089658;799521011;2.390783309936524;0.8786888122558593;0.0;0.0;0.0;-0.7575679926261373;0.6527562612096529
1518089658.9325125;1518089658;932512446;2.387412071228028;0.8565511703491209;0.0;0.0;0.0;-0.7578713877217237;0.6524039850221247
1518089658.9993873;1518089658;999387339;2.3857860565185542;0.8419418334960935;0.0;0.0;0.0;-0.7609577321094839;0.6488014564894187
1518089659.0658193;1518089659;65819160;2.3814315795898433;0.8289928436279298;0.0;0.0;0.0;-0.7699263364430029;0.638132773372012
1518089659.1990416;1518089659;199041642;2.371204376220703;0.8041677474975586;0.0;0.0;0.0;-0.7928622162159348;0.6094009403481062
1518089659.2661867;1518089659;266186606;2.3748035430908203;0.7958126068115233;0.0;0.0;0.0;-0.8035693846031358;0.5952110920745155
1518089659.3998153;1518089659;399815272;2.367401123046874;0.7763032913208006;0.0;0.0;0.0;-0.8034054488004793;0.595432351185003
1518089659.4666536;1518089659;466653531;2.3633594512939453;0.7654104232788088;0.0;0.0;0.0;-0.8039563434061292;0.5946883199601668
1518089659.532966;1518089659;532965959;2.35763168334961;0.7553024291992188;0.0;0.0;0.0;-0.8036914097799333;0.595046315714956
1518089659.6662934;1518089659;666293437;2.3511962890624996;0.7308158874511719;0.0;0.0;0.0;-0.8025832917100857;0.5965400739831344
1518089659.799345;1518089659;799344954;2.343605995178222;0.7080249786376949;0.0;0.0;0.0;-0.8023669128372153;0.5968310792712427
1518089659.8670852;1518089659;867085231;2.3394737243652344;0.6979150772094729;0.0;0.0;0.0;-0.8021023064821129;0.597186645811906
1518089659.932191;1518089659;932190924;2.3337564468383785;0.6817369461059567;0.0;0.0;0.0;-0.8078915119995923;0.5893312352480672
1518089660.132173;1518089660;132172959;2.319135665893554;0.645571708679199;0.0;0.0;0.0;-0.8436454625558475;0.5369006737832711
1518089660.2664502;1518089660;266450057;2.3125305175781246;0.630007743835449;0.0;0.0;0.0;-0.863792470079947;0.5038477633503832
1518089660.40054;1518089660;400540137;2.2992830276489253;0.6153173446655271;0.0;0.0;0.0;0.8663714540452488;-0.49940014378804654
1518089660.5330293;1518089660;533029411;2.290138244628907;0.595553398132324;0.0;0.0;0.0;-0.8657422171468178;0.5004901731799657
1518089660.5996022;1518089660;599602325;2.2806529998779292;0.5849094390869142;0.0;0.0;0.0;0.8667685039557433;-0.4987106982513234
1518089660.666133;1518089660;666132835;2.277745246887207;0.5732212066650388;0.0;0.0;0.0;0.8665781978609535;-0.4990413079015225
1518089660.7322192;1518089660;732219264;2.270954132080078;0.56005859375;0.0;0.0;0.0;0.8704255906223931;-0.4923000012082655
1518089660.8654983;1518089660;865498213;2.2513875961303706;0.5395984649658201;0.0;0.0;0.0;0.8847757021036436;-0.46601712089472047
1518089660.9991746;1518089660;999174619;2.2362442016601562;0.5210838317871094;0.0;0.0;0.0;0.9020617361913419;-0.43160702508122123
1518089661.199589;1518089661;199589002;2.215575218200683;0.49751186370849604;0.0;0.0;0.0;0.9227918198875394;-0.38529891921551374
1518089661.2663283;1518089661;266328427;2.203047752380371;0.4893550872802733;0.0;0.0;0.0;0.9275866379871409;-0.3736081222721381
1518089661.4658828;1518089661;465882895;2.1760396957397465;0.4606666564941406;0.0;0.0;0.0;0.9486215182782357;-0.3164130450210531
1518089661.5327144;1518089661;532714336;2.1720762252807613;0.4551057815551757;0.0;0.0;0.0;0.9560582285612066;-0.2931768469719389
1518089661.5997906;1518089661;599790684;2.160876274108887;0.4530029296874999;0.0;0.0;0.0;0.9612158001090889;-0.27579736333156635
1518089661.6667492;1518089661;666749279;2.153192520141602;0.4484176635742186;0.0;0.0;0.0;0.9636440620395166;-0.26718929936653596
1518089661.8003209;1518089661;800320779;2.131496429443359;0.43581199645996094;0.0;0.0;0.0;0.9683037157882092;-0.24977572738508258
1518089661.8668506;1518089661;866850732;2.1213197708129887;0.4303112030029297;0.0;0.0;0.0;0.9703289681834149;-0.24178853054706612
1518089661.9994242;1518089661;999424113;2.10322093963623;0.41976451873779297;0.0;0.0;0.0;0.974383019363692;-0.2248949345265362
1518089662.0660236;1518089662;66023609;2.088916778564453;0.4154415130615235;0.0;0.0;0.0;0.976055963861934;-0.21751955178684737
1518089662.265802;1518089662;265801864;2.0602493286132812;0.39872932434082037;0.0;0.0;0.0;0.9814683147322956;-0.19162449524146835
1518089662.3323355;1518089662;332335445;2.049906730651855;0.3942070007324219;0.0;0.0;0.0;0.984260527699987;-0.17672355137825616
1518089662.5327373;1518089662;532737155;2.0158863067626944;0.38660907745361306;0.0;0.0;0.0;0.9915839070559493;-0.12946565284915698
1518089662.7329702;1518089662;732970181;1.9810256958007808;0.377364158630371;0.0;0.0;0.0;0.9925069937691575;-0.12218783621666132
1518089662.799603;1518089662;799603037;1.971779823303223;0.37403297424316423;0.0;0.0;0.0;0.9925349925032808;-0.12196019291765804
1518089662.8661048;1518089662;866104868;1.950754165649414;0.3709859848022462;0.0;0.0;0.0;0.9924730752734251;-0.12246303465662746
1518089662.9993947;1518089662;999394693;1.9329738616943357;0.36491775512695307;0.0;0.0;0.0;0.9924812775331273;-0.12239654303211152
1518089663.0660706;1518089663;66070631;1.9202527999877932;0.3617324829101562;0.0;0.0;0.0;0.9924653505711185;-0.12252562146647834
1518089663.199885;1518089663;199884895;1.8999185562133794;0.35726928710937506;0.0;0.0;0.0;0.9923004632756105;-0.1238539082266233
1518089663.2665381;1518089663;266538110;1.8847761154174805;0.3543386459350586;0.0;0.0;0.0;0.9923702887617324;-0.12329318709059228
1518089663.3991559;1518089663;399155853;1.856658935546875;0.3471364974975586;0.0;0.0;0.0;0.9923835697140295;-0.12318624339446305
1518089663.4656222;1518089663;465622254;1.845706939697265;0.3445434570312499;0.0;0.0;0.0;0.9923458269974137;-0.12348991716257307
1518089663.5984337;1518089663;598433803;1.8241395950317376;0.3436508178710937;0.0;0.0;0.0;0.9951140120719593;-0.0987324818793118
1518089663.7318158;1518089663;731815712;1.8038072586059568;0.34224987030029297;0.0;0.0;0.0;0.9982777381537282;-0.058664789326105596
1518089663.798673;1518089663;798672957;1.7948188781738281;0.34217453002929676;0.0;0.0;0.0;0.9994249577083354;-0.033908021317853886
1518089663.8657563;1518089663;865756236;1.7840890884399416;0.3422889709472656;0.0;0.0;0.0;0.9999574744818507;-0.009222213827429531
1518089663.9991515;1518089663;999151402;1.7613363265991206;0.34122943878173817;0.0;0.0;0.0;0.9993000474928289;0.03740875673996824
1518089664.132429;1518089664;132428944;1.734543800354004;0.3421583175659179;0.0;0.0;0.0;0.9964672638527607;0.08398209374499094
1518089664.3324745;1518089664;332474397;1.707942962646484;0.35035133361816406;0.0;0.0;0.0;0.9887048641535741;0.14987558706828338
1518089664.3992002;1518089664;399200116;1.6901350021362305;0.35449981689453136;0.0;0.0;0.0;0.9852718595360314;0.17099521281723326
1518089664.5323102;1518089664;532310237;1.6753311157226558;0.36577033996582015;0.0;0.0;0.0;0.975816713443244;0.2185903514906951
1518089664.6663373;1518089664;666337184;1.6578493118286133;0.3742008209228516;0.0;0.0;0.0;0.9639328037800075;0.26614573037494643
1518089664.7323813;1518089664;732381364;1.6491909027099612;0.3790597915649414;0.0;0.0;0.0;0.9573144909760295;0.28904837893907215
1518089664.7991252;1518089664;799125199;1.6378736495971682;0.3845834732055664;0.0;0.0;0.0;0.9497299019018031;0.313070460812884
1518089664.8674984;1518089664;867498337;1.628284454345703;0.39355373382568376;0.0;0.0;0.0;0.941124069305886;0.3380613645081761
1518089664.9991393;1518089664;999139336;1.6079931259155271;0.4056949615478515;0.0;0.0;0.0;0.9227670151219557;0.3853583213100716
1518089665.1325452;1518089665;132545176;1.5928211212158203;0.41984939575195335;0.0;0.0;0.0;0.9017559908138849;0.4322454546103044
1518089665.199328;1518089665;199327877;1.5912647247314455;0.42630577087402327;0.0;0.0;0.0;0.8903939852781781;0.4551906754102545
1518089665.2661846;1518089665;266184566;1.5827217102050781;0.43649196624755865;0.0;0.0;0.0;0.8797650692206709;0.4754086904749937
1518089665.3328695;1518089665;332869477;1.5778970718383787;0.44557476043701166;0.0;0.0;0.0;0.8696941589309904;0.4935909945707248
1518089665.5325215;1518089665;532521421;1.56004524230957;0.47810459136962885;0.0;0.0;0.0;0.8344921313905032;0.5510198568539387
1518089665.5993967;1518089665;599396607;1.5550012588500972;0.4870662689208983;0.0;0.0;0.0;0.8213597960708318;0.5704104534442562
1518089665.6661031;1518089665;666103190;1.5513668060302734;0.4989013671875;0.0;0.0;0.0;0.8088061537961015;0.5880753400556402
1518089665.8001661;1518089665;800166039;1.5455417633056638;0.5037984848022462;0.0;0.0;0.0;0.7943485884878343;0.6074621963277924
1518089665.9331436;1518089665;933143679;1.538500785827637;0.5293521881103515;0.0;0.0;0.0;0.7953468420470825;0.6061546014390498
1518089666.0001354;1518089666;135347;1.5348329544067385;0.541423797607422;0.0;0.0;0.0;0.7953122285652158;0.6062000157494473
1518089666.13255;1518089666;132549979;1.5294227600097654;0.565876007080078;0.0;0.0;0.0;0.795373035285992;0.6061202312577499
1518089666.1989048;1518089666;198904859;1.5257215499877927;0.579533576965332;0.0;0.0;0.0;0.7944420308218019;0.6073399868802738
1518089666.3982973;1518089666;398297411;1.5207128524780273;0.6254587173461914;0.0;0.0;0.0;0.7639096871998268;0.6453231669499111
1518089666.4653535;1518089666;465353484;1.5162487030029295;0.6361808776855469;0.0;0.0;0.0;0.745216431488843;0.6668226677603534
1518089666.5998683;1518089666;599868376;1.5104551315307615;0.6416816711425779;0.0;0.0;0.0;0.7221484958096007;0.6917380645879849
1518089666.6666515;1518089666;666651560;1.5148372650146484;0.653007507324219;0.0;0.0;0.0;0.7238616399452448;0.6899451617453237
1518089666.7997293;1518089666;799729315;1.5118160247802737;0.6771678924560548;0.0;0.0;0.0;0.7240680496986958;0.689728540373332
1518089666.9325147;1518089666;932514639;1.5116882324218748;0.7007169723510744;0.0;0.0;0.0;0.7240358589778568;0.6897623321943558
1518089666.9991307;1518089666;999130723;1.5094556808471682;0.7126989364624022;0.0;0.0;0.0;0.7243536269986532;0.6894286207098571
1518089667.132504;1518089667;132503971;1.5069847106933598;0.736764907836914;0.0;0.0;0.0;0.7239427724659256;0.6898600308717335
1518089667.199238;1518089667;199238073;1.5103769302368164;0.7478303909301757;0.0;0.0;0.0;0.724846559446725;0.6889103463138329
1518089667.332483;1518089667;332483142;1.5079917907714837;0.772597312927246;0.0;0.0;0.0;0.7256822170799938;0.6880300282791914
1518089667.4663239;1518089667;466323799;1.5072507858276365;0.7959108352661132;0.0;0.0;0.0;0.7264393098335206;0.6872306229560775
1518089667.5324283;1518089667;532428316;1.5070905685424805;0.8090343475341797;0.0;0.0;0.0;0.7257803871180132;0.6879264711252409
1518089667.5991757;1518089667;599175582;1.5056858062744138;0.8217525482177733;0.0;0.0;0.0;0.7253903672084941;0.6883377188278483
1518089667.6658409;1518089667;665840951;1.5056123733520508;0.8323659896850585;0.0;0.0;0.0;0.7250052868846434;0.6887433005041252
1518089667.7994318;1518089667;799431757;1.503972053527832;0.856546401977539;0.0;0.0;0.0;0.7267891142378784;0.6868606724986662
1518089667.865891;1518089667;865891088;1.505096435546875;0.8703031539916992;0.0;0.0;0.0;0.7264400881136607;0.6872298002716536
1518089667.9991763;1518089667;999176183;1.5044517517089844;0.8919467926025391;0.0;0.0;0.0;0.7271935171588635;0.6864325084100561
1518089668.0658326;1518089668;65832692;1.5009155273437502;0.9052209854125978;0.0;0.0;0.0;0.7271393440093503;0.6864898938758325
1518089668.132378;1518089668;132378218;1.5008516311645508;0.9175863265991211;0.0;0.0;0.0;0.7259594253069239;0.6877375319175483
1518089668.3324282;1518089668;332428112;1.5011949539184568;0.9525279998779298;0.0;0.0;0.0;0.7268201051434412;0.6868278785542103
1518089668.4656851;1518089668;465685161;1.501338005065918;0.9749479293823242;0.0;0.0;0.0;0.7271758418253561;0.6864512328385642
1518089668.532568;1518089668;532567865;1.5024824142456055;0.987492561340332;0.0;0.0;0.0;0.727393803905879;0.6862202664154823
1518089668.7326891;1518089668;732689252;1.502566337585449;1.0193424224853516;0.0;0.0;0.0;0.7307459766445703;0.682649483716038
1518089668.799849;1518089668;799849148;1.499119758605957;1.0304899215698242;0.0;0.0;0.0;0.735128741821456;0.67792752779925
1518089668.866653;1518089668;866652880;1.4998779296875;1.0415859222412107;0.0;0.0;0.0;0.7392619564551671;0.6734179680837737
1518089668.9993708;1518089668;999370790;1.497818946838379;1.0634183883666994;0.0;0.0;0.0;0.7497047647038622;0.6617724425966427
1518089669.1325598;1518089669;132559666;1.4949350357055664;1.0858898162841797;0.0;0.0;0.0;0.7608962022036343;0.6488736159469624
1518089669.2662847;1518089669;266284763;1.491177558898926;1.1116256713867188;0.0;0.0;0.0;0.7727633274183092;0.6346942884549878
1518089669.3326337;1518089669;332633644;1.4906387329101562;1.1221837997436526;0.0;0.0;0.0;0.7795213830110898;0.62637561688533
1518089669.4661782;1518089669;466178114;1.4840488433837893;1.1469631195068357;0.0;0.0;0.0;0.798302042155468;0.6022572950910677
1518089669.5994356;1518089669;599435617;1.4754934310913086;1.1727876663208008;0.0;0.0;0.0;0.8185076958756574;0.574495562900465
1518089669.7325563;1518089669;732556395;1.467806816101074;1.1957406997680664;0.0;0.0;0.0;0.8348806246912265;0.5504310515543136
1518089669.799096;1518089669;799096099;1.4635505676269531;1.208006858825684;0.0;0.0;0.0;0.8432671203927676;0.5374947103595434
1518089669.867385;1518089669;867384920;1.4562158584594724;1.2182092666625974;0.0;0.0;0.0;0.8503584788028903;0.5262038174776335
1518089669.9324465;1518089669;932446579;1.455174446105957;1.2299671173095703;0.0;0.0;0.0;0.8582187831453849;0.5132840541614895
1518089669.9992828;1518089669;999282845;1.4463901519775393;1.2410507202148438;0.0;0.0;0.0;0.865315431214565;0.5012276972613855
1518089670.199734;1518089670;199733986;1.4291687011718752;1.2724218368530271;0.0;0.0;0.0;0.8831789910661343;0.4690361070742904
1518089670.3325257;1518089670;332525666;1.408860206604004;1.2911014556884766;0.0;0.0;0.0;0.8964848234467647;0.4430744421986254
1518089670.3992634;1518089670;399263393;1.4040966033935545;1.3011159896850586;0.0;0.0;0.0;0.9031497810862867;0.42932560245551676
1518089670.4659138;1518089670;465913827;1.3964319229125972;1.3107814788818357;0.0;0.0;0.0;0.9087630267174042;0.41731254626649167
1518089670.6659386;1518089670;665938574;1.3683919906616209;1.336125373840332;0.0;0.0;0.0;0.9250644137225524;0.379810255870152
1518089670.7327073;1518089670;732707207;1.3639554977416992;1.34544563293457;0.0;0.0;0.0;0.9307187251530534;0.36573577162956733
1518089670.799056;1518089670;799056095;1.3476438522338865;1.3543367385864258;0.0;0.0;0.0;0.9355770823832519;0.3531225324434026
1518089670.8658743;1518089670;865874400;1.3410987854003904;1.361419677734375;0.0;0.0;0.0;0.9400724807373315;0.3409746778873166
1518089670.9323814;1518089670;932381473;1.3283462524414062;1.3711328506469724;0.0;0.0;0.0;0.9449558164749167;0.32719795981977584
1518089671.1323261;1518089671;132326128;1.3022451400756834;1.3911619186401367;0.0;0.0;0.0;0.9588752779708759;0.2838277669578428
1518089671.1991687;1518089671;199168599;1.2945137023925781;1.39739990234375;0.0;0.0;0.0;0.9628784840427345;0.2699352236510931
1518089671.2657943;1518089671;265794319;1.284381866455078;1.403472900390625;0.0;0.0;0.0;0.9667859850042023;0.2555872829376577
1518089671.3322854;1518089671;332285407;1.2756624221801756;1.4078931808471677;0.0;0.0;0.0;0.970513184507075;0.2410480423026416
1518089671.3991199;1518089671;399119913;1.2665205001831057;1.4153099060058596;0.0;0.0;0.0;0.9742370511043541;0.22552642473885892
1518089671.5995865;1518089671;599586421;1.2311544418334959;1.4326658248901365;0.0;0.0;0.0;0.9833764969187648;0.18157826221158332
1518089671.7991762;1518089671;799176215;1.1960372924804685;1.4420986175537107;0.0;0.0;0.0;0.9893506516555515;0.14555166803831435
1518089671.9324574;1518089671;932457487;1.1756582260131831;1.4479417800903318;0.0;0.0;0.0;0.9928830696550526;0.11909328273399873
1518089672.0659418;1518089672;65941783;1.1557226181030276;1.4528980255126955;0.0;0.0;0.0;0.9959175577607424;0.09026748109855591
1518089672.199199;1518089672;199198886;1.1223697662353516;1.4565124511718752;0.0;0.0;0.0;0.9981029501263825;0.06156704434201789
1518089672.2658446;1518089672;265844644;1.1179275512695308;1.456499099731445;0.0;0.0;0.0;0.9989273471186213;0.04630502325399905
1518089672.3990932;1518089672;399093042;1.0894222259521489;1.4589195251464846;0.0;0.0;0.0;0.9997899185976169;0.020496796592896268
1518089672.5323591;1518089672;532359042;1.069361686706543;1.458498954772949;0.0;0.0;0.0;0.9999643272664392;-0.008446549270419768
1518089672.6658938;1518089672;665893695;1.0405607223510742;1.4569530487060542;0.0;0.0;0.0;0.9993823900650612;-0.035140267896613134
1518089672.7992513;1518089672;799251252;1.0218906402587886;1.4549694061279295;0.0;0.0;0.0;0.9979433202483067;-0.06410249271117088
1518089672.9326339;1518089672;932633930;0.9922733306884763;1.4505882263183594;0.0;0.0;0.0;0.9954339846488954;-0.09545251283241649
1518089672.9998674;1518089672;999867457;0.9816980361938478;1.447274208068848;0.0;0.0;0.0;0.9936360623307994;-0.11263825121042925
1518089673.1323612;1518089673;132361198;0.9592628479003901;1.4434852600097652;0.0;0.0;0.0;0.9899184858001094;-0.1416382415565042
1518089673.1993437;1518089673;199343761;0.9485301971435545;1.439552307128906;0.0;0.0;0.0;0.9879492024428078;-0.15477846553257935
1518089673.2657099;1518089673;265709837;0.9343004226684569;1.4373807907104492;0.0;0.0;0.0;0.9854651207572435;-0.1698778848788493
1518089673.398962;1518089673;398962039;0.908787727355957;1.4290323257446291;0.0;0.0;0.0;0.9813125193976776;-0.19242073504012694
1518089673.532377;1518089673;532376991;0.8857030868530273;1.4201316833496092;0.0;0.0;0.0;0.9781169141274999;-0.20805600759818743
1518089673.5990486;1518089673;599048591;0.8790016174316405;1.4135322570800781;0.0;0.0;0.0;0.9760087995617543;-0.21773107995420213
1518089673.6658616;1518089673;665861577;0.8708295822143557;1.4083528518676758;0.0;0.0;0.0;0.9740226091588762;-0.22645078239506072
1518089673.73246;1518089673;732460056;0.861425399780273;1.4027462005615228;0.0;0.0;0.0;0.9716187951859009;-0.23655214402219768
1518089673.9326122;1518089673;932612135;0.8303003311157228;1.3870506286621094;0.0;0.0;0.0;0.9644272130322917;-0.2643485403076148
1518089673.9992383;1518089673;999238149;0.8233690261840818;1.3812780380249017;0.0;0.0;0.0;0.9617692194575775;-0.273861221248942
1518089674.0660713;1518089674;66071273;0.8124389648437498;1.3734035491943355;0.0;0.0;0.0;0.9595044323754531;-0.28169352894921
1518089674.1324904;1518089674;132490461;0.798837661743164;1.3669729232788084;0.0;0.0;0.0;0.9566651241455774;-0.2911903848747879
1518089674.1993327;1518089674;199332787;0.7890958786010739;1.3601236343383787;0.0;0.0;0.0;0.9540103640219715;-0.2997736234872334
1518089674.3998137;1518089674;399813684;0.7617216110229496;1.3401451110839844;0.0;0.0;0.0;0.9445399254310969;-0.32839660361614254
1518089674.599198;1518089674;599198082;0.7372169494628904;1.3183374404907224;0.0;0.0;0.0;0.9335746924412768;-0.358382886914506
1518089674.7324579;1518089674;732457887;0.7219848632812499;1.3012256622314453;0.0;0.0;0.0;0.9260600675137473;-0.3773761404175334
1518089674.8674529;1518089674;867452897;0.7078781127929688;1.2850561141967776;0.0;0.0;0.0;0.9193529221945995;-0.3934338628692892
1518089674.9325802;1518089674;932580347;0.6964387893676758;1.278120994567871;0.0;0.0;0.0;0.9158348923635706;-0.40155503972607165
1518089674.999405;1518089674;999404985;0.6896085739135742;1.2698802947998047;0.0;0.0;0.0;0.9110791204424183;-0.4122315323866787
1518089675.065972;1518089675;65971982;0.6813163757324217;1.2612771987915037;0.0;0.0;0.0;0.9057659173763702;-0.42377836532713925
1518089675.199282;1518089675;199281976;0.6647214889526366;1.2430696487426756;0.0;0.0;0.0;0.8975332321505959;-0.4409468189989635
1518089675.2661188;1518089675;266118862;0.6564321517944335;1.235406875610351;0.0;0.0;0.0;0.8927912068879299;-0.45047071037259845
1518089675.399636;1518089675;399636042;0.645390510559082;1.2169418334960938;0.0;0.0;0.0;0.8789191384678199;-0.47697080417462157
1518089675.466028;1518089675;466027926;0.6389083862304686;1.2067079544067383;0.0;0.0;0.0;0.8714171497337483;-0.4905427108314934
1518089675.5325625;1518089675;532562555;0.6313915252685548;1.1943960189819338;0.0;0.0;0.0;-0.8647940548076853;0.5021267198320382
1518089675.6660466;1518089675;666046694;0.6215181350708007;1.1743526458740234;0.0;0.0;0.0;-0.8503609252006462;0.5261998640173721
1518089675.7994947;1518089675;799494630;0.6110239028930663;1.150672912597656;0.0;0.0;0.0;-0.840308877723508;0.5421079136288813
1518089675.9325085;1518089675;932508398;0.6023139953613281;1.1287088394165041;0.0;0.0;0.0;-0.8322536541078699;0.5543950353530397
1518089676.0661871;1518089676;66187256;0.597050666809082;1.1108226776123047;0.0;0.0;0.0;-0.8182055630155441;0.574925783602037
1518089676.1995268;1518089676;199526857;0.5870923995971681;1.0877017974853518;0.0;0.0;0.0;-0.8011626020102252;0.5984467270695074
1518089676.266049;1518089676;266048975;0.5809669494628907;1.0773744583129883;0.0;0.0;0.0;-0.7871694086582328;0.6167368337246025
1518089676.3993313;1518089676;399331326;0.5771350860595704;1.0527687072753906;0.0;0.0;0.0;-0.7734768932042186;0.6338244991156067
1518089676.5989661;1518089676;598966168;0.5722732543945312;1.019386291503906;0.0;0.0;0.0;-0.7492818038582858;0.662251295511661
1518089676.7322688;1518089676;732268798;0.5647764205932616;0.9974365234375002;0.0;0.0;0.0;-0.7329204209472103;0.6803143806789359
1518089676.7990928;1518089676;799092832;0.5690011978149414;0.9861087799072268;0.0;0.0;0.0;-0.7245959085427733;0.6891739760924471
1518089676.8660293;1518089676;866029285;0.5686521530151365;0.9750642776489258;0.0;0.0;0.0;-0.7154202606710356;0.698694390002802
1518089676.9323092;1518089676;932309044;0.5650968551635741;0.9643087387084961;0.0;0.0;0.0;-0.7054486560343481;0.7087610272153315
1518089677.1321409;1518089677;132140782;0.5658226013183594;0.9249563217163088;0.0;0.0;0.0;-0.6767096996872285;0.7362499455682296
1518089677.199316;1518089677;199316027;0.5608091354370117;0.912978172302246;0.0;0.0;0.0;-0.6696831036781149;0.7426469825213372
1518089677.2660484;1518089677;266048475;0.5672473907470701;0.900374412536621;0.0;0.0;0.0;-0.664748988424437;0.7470667857619475
1518089677.332391;1518089677;332390997;0.5633382797241209;0.8893156051635741;0.0;0.0;0.0;-0.6577086923484594;0.7532723783660726
1518089677.5324185;1518089677;532418421;0.5724344253540039;0.8547935485839843;0.0;0.0;0.0;-0.626994759788524;0.7790234728156341
1518089677.6656895;1518089677;665689547;0.5738353729248047;0.8315296173095705;0.0;0.0;0.0;-0.6056448933906212;0.7957350457971946
1518089677.7985542;1518089677;798554144;0.5804004669189454;0.8085165023803712;0.0;0.0;0.0;-0.5871969575497962;0.8094440888932742
1518089678.065443;1518089678;65443056;0.5987911224365234;0.7634143829345703;0.0;0.0;0.0;-0.586556444645125;0.809908351139356
1518089678.1323776;1518089678;132377519;0.6028699874877929;0.7507419586181641;0.0;0.0;0.0;-0.5860956198473014;0.8102418925208741
1518089678.1992447;1518089678;199244712;0.6058073043823244;0.7384023666381836;0.0;0.0;0.0;-0.5873548093464911;0.8093295545929032
1518089678.2660904;1518089678;266090472;0.6091251373291015;0.7273635864257811;0.0;0.0;0.0;-0.5811359171797569;0.8138065161717758
1518089678.399198;1518089678;399197969;0.6181640625;0.7055091857910156;0.0;0.0;0.0;-0.5659694543260957;0.8244262106276228
1518089678.465886;1518089678;465886040;0.6225852966308595;0.6948509216308595;0.0;0.0;0.0;-0.5604384360385303;0.8281960875364519
1518089678.5997453;1518089678;599745288;0.6288375854492189;0.6682205200195314;0.0;0.0;0.0;-0.5423415319627178;0.8401581176828159
1518089678.6664405;1518089678;666440590;0.6337060928344724;0.6585206985473634;0.0;0.0;0.0;-0.5384133796543813;0.842680860473968
1518089678.732561;1518089678;732561004;0.6387157440185546;0.6460924148559569;0.0;0.0;0.0;-0.524127690142267;0.8516396916690366
1518089678.9323366;1518089678;932336461;0.6561765670776365;0.6167764663696288;0.0;0.0;0.0;-0.4938009095028953;0.8695749891608621
1518089678.9987984;1518089678;998798270;0.660029411315918;0.6064443588256836;0.0;0.0;0.0;-0.4835668875389489;0.875307411870763
1518089679.065333;1518089679;65332879;0.6652832031250001;0.5976390838623047;0.0;0.0;0.0;-0.4818624400107556;0.8762468766888022
1518089679.1987495;1518089679;198749461;0.6784811019897461;0.5770139694213866;0.0;0.0;0.0;-0.4825974370606595;0.8758422881675003
1518089679.33247;1518089679;332470018;0.6914587020874023;0.5574464797973632;0.0;0.0;0.0;-0.48211729413604076;0.8761066799739301
1518089679.3990805;1518089679;399080400;0.6978292465209961;0.5466785430908202;0.0;0.0;0.0;-0.4816739888607883;0.8763504826580157
1518089679.466093;1518089679;466092950;0.7054481506347656;0.5377073287963867;0.0;0.0;0.0;-0.4817207903389156;0.8763247572420002
1518089679.5993466;1518089679;599346546;0.7151956558227539;0.5193481445312501;0.0;0.0;0.0;-0.4721359652492111;0.8815257400202196
1518089679.7323117;1518089679;732311798;0.7278347015380859;0.49921035766601574;0.0;0.0;0.0;-0.46236881780146094;0.8866876994324887
1518089679.8671975;1518089679;867197546;0.7424345016479491;0.4783935546874999;0.0;0.0;0.0;-0.46410080265033227;0.8857823914366989
1518089679.9323657;1518089679;932365686;0.7475461959838867;0.4697294235229491;0.0;0.0;0.0;-0.4643839806642663;0.8856339641761772
1518089680.0001202;1518089680;120187;0.7539625167846681;0.4598836898803711;0.0;0.0;0.0;-0.4599685526124398;0.8879352063115964
1518089680.0670202;1518089680;67020276;0.7624073028564453;0.4504423141479491;0.0;0.0;0.0;-0.4508386628007856;0.8926054560241045
1518089680.1330168;1518089680;133016888;0.7693672180175782;0.4403676986694336;0.0;0.0;0.0;-0.4368164337163484;0.8995506674086408
1518089680.3322494;1518089680;332249443;0.7944669723510741;0.41043186187744135;0.0;0.0;0.0;-0.4209172366824713;0.9070990463359514
1518089680.4654312;1518089680;465431166;0.8080167770385742;0.39313697814941406;0.0;0.0;0.0;-0.4209626527006794;0.9070779707562119
1518089680.532114;1518089680;532114050;0.8183155059814452;0.3840303421020508;0.0;0.0;0.0;-0.42181606114130776;0.9066814272737875
1518089680.598893;1518089680;598892898;0.8246097564697266;0.3739852905273437;0.0;0.0;0.0;-0.4221826504538424;0.9065107884938649
1518089680.799459;1518089680;799458918;0.8496875762939453;0.3452310562133788;0.0;0.0;0.0;-0.42187399375914325;0.9066544729883101
1518089680.8660738;1518089680;866073833;0.8543825149536132;0.336583137512207;0.0;0.0;0.0;-0.41831963666980476;0.9082998852672186
1518089681.0663;1518089681;66299901;0.8785896301269529;0.30843162536621094;0.0;0.0;0.0;-0.38378589651596196;0.9234221058841072
1518089681.1989038;1518089681;198903749;0.8955287933349609;0.28940963745117176;0.0;0.0;0.0;-0.3582590857609277;0.9336222081065468
1518089681.2654712;1518089681;265471124;0.9058284759521484;0.27898597717285145;0.0;0.0;0.0;-0.35951218303013616;0.9331403915022144
1518089681.3993108;1518089681;399310733;0.9216184616088868;0.26263141632080067;0.0;0.0;0.0;-0.35839976039365945;0.9335682148347637
1518089681.5324988;1518089681;532498789;0.9397420883178711;0.2470474243164062;0.0;0.0;0.0;-0.3584531790086435;0.9335477055076496
1518089681.7328265;1518089681;732826562;0.960709571838379;0.2218141555786134;0.0;0.0;0.0;-0.33059256851329427;0.9437735711725471
1518089681.8654797;1518089681;865479667;0.9819726943969725;0.20587158203124994;0.0;0.0;0.0;-0.31602826219794417;0.9487497760169156
1518089681.9988227;1518089681;998822743;1.0002059936523438;0.18860244750976568;0.0;0.0;0.0;-0.31564347074522114;0.9488778632552826
1518089682.065477;1518089682;65476897;1.0090303421020508;0.18332195281982416;0.0;0.0;0.0;-0.31524821937120256;0.9490092518955155
1518089682.199834;1518089682;199834137;1.0262460708618164;0.17052745819091789;0.0;0.0;0.0;-0.306250745087812;0.9519508816809615
1518089682.2667234;1518089682;266723351;1.0395021438598633;0.16169548034667963;0.0;0.0;0.0;-0.28705561844173916;0.9579139167592413
1518089682.3329933;1518089682;332993270;1.055747985839844;0.1529378890991211;0.0;0.0;0.0;-0.26532203113998254;0.9641598517837974
1518089682.531962;1518089682;531961832;1.0946874618530273;0.13276004791259777;0.0;0.0;0.0;-0.21012865309645212;0.9776737437140628
1518089682.5983365;1518089682;598336398;1.1031665802001955;0.13249969482421878;0.0;0.0;0.0;-0.21739395840694256;0.976083944570425
1518089682.7993739;1518089682;799373832;1.1313180923461914;0.1153182983398438;0.0;0.0;0.0;-0.21390438933677253;0.9768546013724163
1518089682.9327958;1518089682;932795796;1.157663345336914;0.1074056625366211;0.0;0.0;0.0;-0.2022836786400884;0.9793269695846395
1518089682.999496;1518089682;999496072;1.17194938659668;0.10122680664062494;0.0;0.0;0.0;-0.18340759052492298;0.9830369554283512
1518089683.1320555;1518089683;132055540;1.1913976669311521;0.09268951416015625;0.0;0.0;0.0;-0.1736175316440026;0.9848131562412455
1518089683.1985462;1518089683;198546142;1.1973047256469729;0.08753299713134766;0.0;0.0;0.0;-0.17152250975644273;0.985180201103763
1518089683.2654438;1518089683;265443716;1.2097415924072263;0.08246135711669922;0.0;0.0;0.0;-0.1711600701961686;0.9852432341155369
1518089683.3988988;1518089683;398898858;1.2343835830688479;0.07242774963378898;0.0;0.0;0.0;-0.170795258318475;0.9853065409992595
1518089683.5325289;1518089683;532528762;1.2603921890258787;0.06449317932128906;0.0;0.0;0.0;-0.1490057743760418;0.9888363257903687
1518089683.599067;1518089683;599066924;1.2693958282470705;0.06258869171142581;0.0;0.0;0.0;-0.13448295499772248;0.9909159070350423
1518089683.665468;1518089683;665467960;1.2768526077270512;0.05845069885253909;0.0;0.0;0.0;-0.12818603822435304;0.9917501397047266
1518089683.7318323;1518089683;731832346;1.2860851287841797;0.05583763122558599;0.0;0.0;0.0;-0.1305908451762694;0.9914363475060552
1518089683.932332;1518089683;932331976;1.322576522827148;0.04668617248535156;0.0;0.0;0.0;-0.1126517091693172;0.993634536648778
1518089683.9991097;1518089683;999109679;1.3374757766723635;0.045392990112304715;0.0;0.0;0.0;-0.10465653568621905;0.9945084260770037
1518089684.1320908;1518089684;132090911;1.3563280105590816;0.03933811187744138;0.0;0.0;0.0;-0.10644345844039359;0.9943187568155637
1518089684.1996415;1518089684;199641559;1.36863899230957;0.035435676574707045;0.0;0.0;0.0;-0.10448557834568709;0.9945264018203676
1518089684.4652412;1518089684;465241105;1.4203796386718748;0.029566764831542997;0.0;0.0;0.0;-0.05725080277156621;0.9983598277084326
1518089684.5317442;1518089684;531744302;1.4276390075683594;0.031118392944335938;0.0;0.0;0.0;-0.05831713325230294;0.9982981077660286
1518089684.5984604;1518089684;598460530;1.4430294036865237;0.029226303100585938;0.0;0.0;0.0;-0.056933271154193645;0.9983779858528948
1518089684.6652784;1518089684;665278511;1.4549169540405271;0.027314186096191406;0.0;0.0;0.0;-0.0583252256861435;0.9982976350010354
1518089684.798914;1518089684;798914001;1.4730749130249023;0.021471977233886733;0.0;0.0;0.0;-0.05654836941389013;0.9983998607354821
1518089684.9989834;1518089684;998983371;1.5101261138916013;0.01944351196289068;0.0;0.0;0.0;-0.035779143298081295;0.9993597214741323
1518089685.0654037;1518089685;65403760;1.528642654418945;0.01851844787597652;0.0;0.0;0.0;-0.03479461129399461;0.9993944841877505
1518089685.1319966;1518089685;131996732;1.5356349945068362;0.018036842346191434;0.0;0.0;0.0;-0.036595430329801205;0.9993301628986171
1518089685.265937;1518089685;265937042;1.55952262878418;0.01345062255859375;0.0;0.0;0.0;-0.03536956117989452;0.9993743013215527
1518089685.3992724;1518089685;399272540;1.5840244293212888;0.010454177856445312;0.0;0.0;0.0;-0.013948854302798384;0.9999027099991475
1518089685.4659717;1518089685;465971624;1.6027803421020508;0.011627197265625;0.0;0.0;0.0;-0.014511703563240554;0.9998946996857682
1518089685.532176;1518089685;532175939;1.6040182113647463;0.010986328125000014;0.0;0.0;0.0;-0.013558361611090622;0.9999080811906778
1518089685.732778;1518089685;732778114;1.6430492401123045;0.008674621582031222;0.0;0.0;0.0;-0.013571711823062946;0.9999079000778981
1518089685.7994769;1518089685;799476780;1.6595888137817385;0.005086898803710951;0.0;0.0;0.0;0.0017793988732135164;0.9999984168685718
1518089685.932144;1518089685;932143971;1.676774024963379;0.006525993347167941;0.0;0.0;0.0;0.020368663057423825;0.9997925372622328
1518089685.9985485;1518089685;998548457;1.6905879974365234;0.007655143737792969;0.0;0.0;0.0;0.021978634967712615;0.9997584406270127
1518089686.1319437;1518089686;131943802;1.7115888595581057;0.008204460144042969;0.0;0.0;0.0;0.020882833698211957;0.9997819298510715
1518089686.1990378;1518089686;199037772;1.7252836227416992;0.005324363708496108;0.0;0.0;0.0;0.02391108205933698;0.9997140892048845
1518089686.265567;1518089686;265567120;1.738758087158203;0.006073951721191392;0.0;0.0;0.0;0.03656621754211196;0.9993312322421745
1518089686.398911;1518089686;398911092;1.7610750198364258;0.007685661315917955;0.0;0.0;0.0;0.035498446016496994;0.9993697315460449
1518089686.4657488;1518089686;465748904;1.7721004486083984;0.008436203002929674;0.0;0.0;0.0;0.0366165534602321;0.9993293891468888
1518089686.5988355;1518089686;598835351;1.7942905426025388;0.010834693908691392;0.0;0.0;0.0;0.03703636203395764;0.9993139185897941
1518089686.7321572;1518089686;732157295;1.8209047317504885;0.009762763977050823;0.0;0.0;0.0;0.0389695633593798;0.9992403980682423
1518089686.7987363;1518089686;798736218;1.830924987792969;0.012577056884765611;0.0;0.0;0.0;0.039463990670171006;0.9992209932944687
1518089686.8654385;1518089686;865438513;1.8432712554931643;0.015386581420898424;0.0;0.0;0.0;0.03133822404375064;0.9995088372364618
1518089686.932433;1518089686;932432877;1.8522310256958006;0.012282371520996087;0.0;0.0;0.0;0.03209260305230225;0.9994848997505302
1518089687.1322446;1518089687;132244501;1.8905019760131836;0.013175964355468778;0.0;0.0;0.0;0.0335257138386039;0.9994378552524474
1518089687.1991215;1518089687;199121459;1.8985652923583982;0.012580871582031278;0.0;0.0;0.0;0.034221403476023454;0.9994142762359017
1518089687.2656856;1518089687;265685486;1.9121675491333008;0.013423919677734375;0.0;0.0;0.0;0.0351420576630361;0.9993823271317178
1518089687.399014;1518089687;399013913;1.9390745162963863;0.013172149658203125;0.0;0.0;0.0;0.03641730517891961;0.9993366699383675
1518089687.5989454;1518089687;598945466;1.9679536819458012;0.014984130859375;0.0;0.0;0.0;0.039032502645195734;0.9992379415020493
1518089687.7322233;1518089687;732223169;1.9999513626098633;0.014647483825683594;0.0;0.0;0.0;0.03997299234499707;0.9992007605496439
1518089687.798984;1518089687;798983967;2.008053779602051;0.015656471252441406;0.0;0.0;0.0;0.04096203580563151;0.9991607036021073
1518089687.8656294;1518089687;865629472;2.0196495056152344;0.015825271606445326;0.0;0.0;0.0;0.041376461696005465;0.9991436275218488
1518089688.0657063;1518089688;65706336;2.051365852355957;0.015170097351074191;0.0;0.0;0.0;0.04463032342096301;0.9990035706799753
1518089688.1988695;1518089688;198869415;2.0757970809936523;0.01645374298095706;0.0;0.0;0.0;0.04351600696279736;0.999052729908694
1518089688.265628;1518089688;265628089;2.0893211364746094;0.016604423522949247;0.0;0.0;0.0;0.04490001340677609;0.9989914858476379
1518089688.3994951;1518089688;399495232;2.109164237976074;0.018715858459472656;0.0;0.0;0.0;0.045335227564236656;0.9989718300040792
1518089688.46619;1518089688;466190028;2.128366470336915;0.01888465881347659;0.0;0.0;0.0;0.04539957523615472;0.9989689077085316
1518089688.532273;1518089688;532273064;2.1350040435791016;0.0186767578125;0.0;0.0;0.0;0.04702929299088585;0.9988935106410379
1518089688.6658752;1518089688;665875109;2.16232681274414;0.019727706909179674;0.0;0.0;0.0;0.04769387202856171;0.9988619997631921
1518089688.799015;1518089688;799014982;2.1842260360717773;0.02056503295898443;0.0;0.0;0.0;0.04802984673259434;0.9988459009391005
1518089688.9323175;1518089688;932317511;2.2070484161376958;0.02254390716552733;0.0;0.0;0.0;0.05047108764354585;0.998725522509602
1518089688.9990747;1518089688;999074742;2.2207479476928706;0.021280288696289076;0.0;0.0;0.0;0.05160148982273089;0.998667755686582
1518089689.1321716;1518089689;132171747;2.243291854858398;0.02305889129638669;0.0;0.0;0.0;0.05406783252831878;0.9985372649459257
1518089689.1989107;1518089689;198910632;2.2543973922729497;0.024765968322753906;0.0;0.0;0.0;0.05302798503470222;0.998593026614526
1518089689.3322763;1518089689;332276320;2.2793664932250977;0.024527549743652302;0.0;0.0;0.0;0.05520403392880588;0.9984750946508316
1518089689.399167;1518089689;399167139;2.288773536682129;0.026880264282226535;0.0;0.0;0.0;0.05626346277049272;0.9984159567820785
1518089689.4657204;1518089689;465720346;2.303297996520996;0.026769638061523424;0.0;0.0;0.0;0.05572211973399626;0.9984463157187522
1518089689.5990176;1518089689;599017542;2.325931549072265;0.027843475341796847;0.0;0.0;0.0;0.05808020472924581;0.9983119201024342
1518089689.66546;1518089689;665460159;2.3404626846313477;0.028587341308593722;0.0;0.0;0.0;0.0590422907886015;0.9982554822781763
1518089689.7993286;1518089689;799328453;2.3604049682617183;0.030334472656250056;0.0;0.0;0.0;0.05841617976727451;0.9982923168798793
1518089689.9321558;1518089689;932155932;2.384261131286621;0.03251743316650388;0.0;0.0;0.0;0.060551505402975485;0.9981650741202246
1518089689.9988084;1518089689;998808460;2.400623321533203;0.03361129760742189;0.0;0.0;0.0;0.060003816283200395;0.9981981476798342
1518089690.0656216;1518089690;65621571;2.411518096923828;0.033831596374511747;0.0;0.0;0.0;0.06110172706769485;0.9981315439105934
1518089690.1322951;1518089690;132295114;2.4223794937133794;0.0344734191894531;0.0;0.0;0.0;0.062047787583077184;0.9980731797098074
1518089690.3321733;1518089690;332173246;2.458809852600098;0.037274360656738226;0.0;0.0;0.0;0.0633974423945477;0.9979883587987537
1518089690.4656916;1518089690;465691543;2.482478141784668;0.03956699371337888;0.0;0.0;0.0;0.06555652896049062;0.9978488570473247
1518089690.599;1518089690;598999861;2.504953384399414;0.0405464172363281;0.0;0.0;0.0;0.067797567298906;0.9976990978588436
1518089690.6656656;1518089690;665665578;2.5184097290039067;0.041378974914550795;0.0;0.0;0.0;0.06907667202413963;0.9976113538758816
1518089690.8659189;1518089690;865918803;2.5491695404052734;0.04409217834472651;0.0;0.0;0.0;0.06899311985931582;0.9976171356848669
1518089690.9989562;1518089690;998956268;2.5741157531738286;0.04691314697265614;0.0;0.0;0.0;0.07015814585910338;0.997535881344432
1518089691.065698;1518089691;65697957;2.5866031646728516;0.047723770141601535;0.0;0.0;0.0;0.06925395769155447;0.9975990624214001
1518089691.2662084;1518089691;266208407;2.619982719421387;0.050642013549804715;0.0;0.0;0.0;0.07245529459507746;0.9973716610597779
1518089691.3989122;1518089691;398912230;2.644099235534668;0.0517702102661132;0.0;0.0;0.0;0.07460489003393751;0.9972131719863231
1518089691.4656005;1518089691;465600471;2.6573152542114262;0.053540229797363226;0.0;0.0;0.0;0.07551827289534498;0.9971444180553307
1518089691.598909;1518089691;598908796;2.6793956756591797;0.05742454528808605;0.0;0.0;0.0;0.06928655000996439;0.9975967993070731
1518089691.732305;1518089691;732304953;2.704390525817871;0.05749225616455082;0.0;0.0;0.0;0.06445818290803887;0.9979204089786889
1518089691.7990375;1518089691;799037437;2.716835021972656;0.058166503906249944;0.0;0.0;0.0;0.06475257978131713;0.9979013495389533
1518089691.865889;1518089691;865889023;2.730362892150879;0.05952739715576169;0.0;0.0;0.0;0.0646091292948905;0.9979106475089622
1518089692.0658178;1518089692;65817849;2.7687025070190434;0.0639724731445313;0.0;0.0;0.0;0.06697385994050327;0.9977547304246018
1518089692.1322315;1518089692;132231417;2.780900955200195;0.06435871124267573;0.0;0.0;0.0;0.06778715304921902;0.9976998054933567
1518089692.19899;1518089692;198990087;2.7866115570068355;0.06486892700195315;0.0;0.0;0.0;0.0686988289472735;0.9976374446166669
1518089692.3990967;1518089692;399096831;2.82415771484375;0.06881809234619146;0.0;0.0;0.0;0.06840814455726163;0.9976574190363308
1518089692.532388;1518089692;532388030;2.849174499511719;0.0706348419189454;0.0;0.0;0.0;0.07085168889011216;0.997486861157288
1518089692.5997248;1518089692;599724836;2.8584203720092773;0.07134437561035159;0.0;0.0;0.0;0.07130863655320768;0.9974542988793635
1518089692.7321436;1518089692;732143556;2.8837766647338867;0.07347488403320307;0.0;0.0;0.0;0.07322774731557358;0.9973152445556452
1518089692.7986174;1518089692;798617449;2.8938941955566406;0.07455062866210938;0.0;0.0;0.0;0.07197343052712198;0.9974065496567373
1518089692.8655405;1518089692;865540394;2.9026288986206046;0.07669925689697268;0.0;0.0;0.0;0.062003326334242624;0.9980759427636203
1518089692.9322746;1518089692;932274500;2.915726661682129;0.07732677459716789;0.0;0.0;0.0;0.056480736999929955;0.9984036890696792
1518089693.1323757;1518089693;132375716;2.9523830413818355;0.08056640624999994;0.0;0.0;0.0;0.05996459267745542;0.9982005047208836
1518089693.1990204;1518089693;199020292;2.9653749465942387;0.08081054687500006;0.0;0.0;0.0;0.06180245722313424;0.9980884010352904
1518089693.265691;1518089693;265691091;2.97520637512207;0.08286380767822266;0.0;0.0;0.0;0.061146142456134436;0.998128823981521
1518089693.3320923;1518089693;332092246;2.982240676879883;0.08410358428955078;0.0;0.0;0.0;0.059938960439867565;0.9982020441881433
1518089693.532169;1518089693;532169221;3.021371841430664;0.08847904205322261;0.0;0.0;0.0;0.025638642805619453;0.9996712759677983
1518089693.5990674;1518089693;599067423;3.0348377227783203;0.08668613433837889;0.0;0.0;0.0;0.028376800299112638;0.9995972975177476
1518089693.7326355;1518089693;732635521;3.0566701889038086;0.08875846862792972;0.0;0.0;0.0;0.029650847487330264;0.9995603169610542
1518089693.7991824;1518089693;799182299;3.071347236633301;0.08953857421874997;0.0;0.0;0.0;0.028373020651943266;0.999597404808098
1518089693.8659801;1518089693;865980196;3.0823402404785156;0.0893392562866211;0.0;0.0;0.0;0.029316087622517605;0.9995701911354244
1518089694.0663424;1518089694;66342307;3.110108375549317;0.09288597106933594;0.0;0.0;0.0;0.024873917106207406;0.9996905962585592
1518089694.1988428;1518089694;198842773;3.1344900131225586;0.092350959777832;0.0;0.0;0.0;0.027167365408941158;0.9996308990105983
1518089694.265563;1518089694;265563032;3.1462631225585938;0.09340000152587888;0.0;0.0;0.0;0.025744225511286776;0.9996685625010041
1518089694.3988473;1518089694;398847450;3.171352386474609;0.0929250717163086;0.0;0.0;0.0;0.026700275489268305;0.9996434840926024
1518089694.5321465;1518089694;532146477;3.1944093704223637;0.09514522552490234;0.0;0.0;0.0;0.026351437300019362;0.9996527405815597
1518089694.6655905;1518089694;665590478;3.2193679809570312;0.09493923187255862;0.0;0.0;0.0;0.02763334527036725;0.999618126200785
1518089694.798997;1518089694;798996810;3.2445468902587895;0.09647178649902347;0.0;0.0;0.0;0.02676179156981266;0.9996418391163777
1518089694.9322302;1518089694;932230132;3.269135475158691;0.09575939178466797;0.0;0.0;0.0;0.028897959464189816;0.9995823667606417
1518089694.9987173;1518089694;998717328;3.2810850143432626;0.0975179672241211;0.0;0.0;0.0;0.028558531958112872;0.9995921219439444
1518089695.1320837;1518089695;132083750;3.3032922744750977;0.0998668670654297;0.0;0.0;0.0;0.015275274484636442;0.9998833261883203
1518089695.1990886;1518089695;199088669;3.313409805297852;0.09912681579589844;0.0;0.0;0.0;0.010849791039996958;0.9999411392849024
1518089695.3325279;1518089695;332527950;3.341324806213379;0.09848117828369138;0.0;0.0;0.0;0.012483253938269764;0.9999220811498827
1518089695.466457;1518089695;466456954;3.3637399673461914;0.10036945343017584;0.0;0.0;0.0;0.012255914072123866;0.9999248934646325
1518089695.5325942;1518089695;532594305;3.374982833862305;0.1006917953491211;0.0;0.0;0.0;0.013239876954240924;0.9999123489877683
1518089695.5990794;1518089695;599079377;3.384904861450196;0.10120201110839841;0.0;0.0;0.0;0.011659330075032788;0.999932027700984
1518089695.6657043;1518089695;665704342;3.4021615982055673;0.10009670257568357;0.0;0.0;0.0;0.01239826522388963;0.9999231385558782
1518089695.7323382;1518089695;732338277;3.412755966186524;0.10138797760009766;0.0;0.0;0.0;0.012320632378918749;0.9999240981283447
1518089695.9321828;1518089695;932182749;3.4518146514892574;0.10107135772705075;0.0;0.0;0.0;0.011245659064864619;0.9999367655768022
1518089695.9989762;1518089695;998976192;3.463052749633789;0.10127639770507812;0.0;0.0;0.0;0.011905768859188025;0.9999291238222195
1518089696.0656867;1518089696;65686590;3.4714479446411133;0.10352325439453122;0.0;0.0;0.0;0.010804548178770084;0.9999416291657491
1518089696.132382;1518089696;132381907;3.4836750030517574;0.10285282135009768;0.0;0.0;0.0;0.010742366448099984;0.9999422991168514
1518089696.1990697;1518089696;199069848;3.4940567016601562;0.10228633880615234;0.0;0.0;0.0;0.012271481820790114;0.9999247025321066
1518089696.399024;1518089696;399024060;3.532013893127442;0.10325431823730469;0.0;0.0;0.0;0.011970249970277376;0.9999283539912492
1518089696.465703;1518089696;465702921;3.5425319671630855;0.10297966003417972;0.0;0.0;0.0;0.012053553558108205;0.9999273532845383
1518089696.6656687;1518089696;665668684;3.575203895568848;0.10457611083984375;0.0;0.0;0.0;0.01197830160796029;0.9999282575718064
1518089696.7995403;1518089696;799540195;3.599339485168457;0.10469436645507812;0.0;0.0;0.0;0.013771006470948885;0.9999051751945166
1518089696.866312;1518089696;866312099;3.6113471984863286;0.10496139526367185;0.0;0.0;0.0;0.013226850754803631;0.9999125213833009
1518089697.0654938;1518089697;65493798;3.6487197875976567;0.10444355010986325;0.0;0.0;0.0;0.014106282618082982;0.9999005014453682
1518089697.1320627;1518089697;132062746;3.659314155578612;0.10458469390869138;0.0;0.0;0.0;0.014143531804660792;0.9998999752515702
1518089697.19891;1518089697;198909881;3.6707057952880855;0.10437965393066403;0.0;0.0;0.0;0.013325426286171251;0.9999112125655416
1518089697.3320959;1518089697;332095795;3.695343971252441;0.10384750366210935;0.0;0.0;0.0;0.015174751728059037;0.9998848568260207
1518089697.3988142;1518089697;398814318;3.709699630737305;0.10446548461914065;0.0;0.0;0.0;0.013108712485091415;0.9999140771371224
1518089697.5322177;1518089697;532217632;3.7307319641113286;0.1038351058959961;0.0;0.0;0.0;0.014424178647656745;0.9998959661236465
1518089697.6657152;1518089697;665715195;3.7534761428833012;0.10549068450927734;0.0;0.0;0.0;0.012870222759230396;0.9999171752530945
1518089697.732467;1518089697;732466823;3.768306732177735;0.1038980484008789;0.0;0.0;0.0;0.013849116496290984;0.9999040963873846
1518089697.798913;1518089697;798912931;3.780548095703125;0.10379600524902344;0.0;0.0;0.0;0.01459109878757123;0.9998935442516724
1518089697.8656187;1518089697;865618704;3.7892971038818355;0.10451889038085935;0.0;0.0;0.0;0.015626602851015994;0.9998778971871198
1518089697.9990852;1518089697;999085163;3.8160753250122075;0.1050100326538086;0.0;0.0;0.0;0.014804533001239097;0.9998904068959834
1518089698.065553;1518089698;65553023;3.8292293548583984;0.10466670989990234;0.0;0.0;0.0;0.016919513327682146;0.9998568547891015
1518089698.1994116;1518089698;199411541;3.8516197204589844;0.10643768310546878;0.0;0.0;0.0;0.01537510798958618;0.9998817960410663
1518089698.2660892;1518089698;266089162;3.8631992340087886;0.10594844818115234;0.0;0.0;0.0;0.016088391365278603;0.9998705734560237
1518089698.3321483;1518089698;332148399;3.875929832458495;0.10619163513183597;0.0;0.0;0.0;0.01730029027907341;0.9998503387788894
1518089698.4653983;1518089698;465398418;3.901467323303223;0.10757732391357419;0.0;0.0;0.0;0.01663928057083643;0.9998615575878917
1518089698.53209;1518089698;532090018;3.914999961853028;0.10729980468750006;0.0;0.0;0.0;0.016819101242219227;0.9998585489124969
1518089698.6655993;1518089698;665599238;3.935184478759766;0.1090097427368164;0.0;0.0;0.0;0.01657780313530508;0.9998625787793076
1518089698.7989786;1518089698;798978521;3.959650993347168;0.10927486419677737;0.0;0.0;0.0;0.016760890612081924;0.9998595264065296
1518089698.9322956;1518089698;932295669;3.985838890075684;0.11000728607177734;0.0;0.0;0.0;0.01709191717970456;0.9998539225142452
1518089698.9992673;1518089698;999267382;4.007490158081055;0.1084251403808594;0.0;0.0;0.0;0.021016964995584062;0.9997791191970227
1518089699.0661314;1518089699;66131245;4.019333839416504;0.1064376831054688;0.0;0.0;0.0;0.030750656584169256;0.9995270867363438
1518089699.1993933;1518089699;199393172;4.044686317443848;0.10682392120361334;0.0;0.0;0.0;0.06191644100987619;0.9980813365315827
1518089699.3324776;1518089699;332477580;4.066720008850098;0.11005496978759766;0.0;0.0;0.0;0.0946758057542631;0.9955081575782194
1518089699.3990884;1518089699;399088298;4.081232070922852;0.11022663116455078;0.0;0.0;0.0;0.11098386494957901;0.9938222083053154
1518089699.4658837;1518089699;465883801;4.091449737548829;0.11211395263671875;0.0;0.0;0.0;0.12744848056591984;0.9918451919535822
1518089699.5995116;1518089699;599511585;4.115495681762695;0.11963367462158203;0.0;0.0;0.0;0.15924205933879182;0.9872395689687183
1518089699.6661842;1518089699;666184118;4.126639366149902;0.12421417236328125;0.0;0.0;0.0;0.1749047056543609;0.9845853665071208
1518089699.7988706;1518089699;798870672;4.1486921310424805;0.13381385803222656;0.0;0.0;0.0;0.2007914012026127;0.9796340200315072
1518089699.8671393;1518089699;867139374;4.158169746398927;0.1390848159790039;0.0;0.0;0.0;0.2142602904369136;0.9767766008365932
1518089699.998607;1518089699;998606967;4.181519508361816;0.1516971588134769;0.0;0.0;0.0;0.2335708323566057;0.9723397895140579
1518089700.0651448;1518089700;65144836;4.192366600036621;0.15729236602783214;0.0;0.0;0.0;0.23349909672193686;0.9723570187076553
1518089700.198849;1518089700;198848904;4.215986251831056;0.16786479949951166;0.0;0.0;0.0;0.23392217515408895;0.9722553244756131
1518089700.332167;1518089700;332166838;4.2348012924194345;0.1780347824096678;0.0;0.0;0.0;0.2353256328610601;0.9719165841359749
1518089700.398831;1518089700;398830905;4.245387077331542;0.1827783584594727;0.0;0.0;0.0;0.2341458016155025;0.9722014933057004
1518089700.5326214;1518089700;532621413;4.266502380371094;0.19159221649169883;0.0;0.0;0.0;0.24654607669904158;0.9691310706319916
1518089700.7325425;1518089700;732542563;4.298892974853515;0.20943641662597656;0.0;0.0;0.0;0.27802369642775393;0.9605742158858149
1518089700.8658998;1518089700;865899905;4.316232681274413;0.22114372253417958;0.0;0.0;0.0;0.30261013357740907;0.9531144249544556
1518089700.9994032;1518089700;999403138;4.33629608154297;0.23923587799072288;0.0;0.0;0.0;0.3306034535026228;0.9437697582207957
1518089701.065938;1518089701;65937937;4.3464956283569345;0.24714756011962913;0.0;0.0;0.0;0.3414652106801065;0.9398944142270399
1518089701.199139;1518089701;199139061;4.364229202270508;0.2625217437744143;0.0;0.0;0.0;0.3665050722270048;0.930416053189044
1518089701.2656615;1518089701;265661486;4.370553970336914;0.2702474594116211;0.0;0.0;0.0;0.379681682936405;0.9251171923829863
1518089701.3988917;1518089701;398891722;4.389008522033692;0.2875413894653317;0.0;0.0;0.0;0.40593480700819123;0.9139020365767999
1518089701.4657502;1518089701;465750173;4.397776603698731;0.2963991165161135;0.0;0.0;0.0;0.4170274601039742;0.9088938868312562
1518089701.5324352;1518089701;532435120;4.407049179077149;0.30382728576660145;0.0;0.0;0.0;0.4302891232877103;0.9026911267871717
1518089701.7321243;1518089701;732124380;4.4306774139404315;0.3298692703247069;0.0;0.0;0.0;0.47386999425778253;0.880594815191487
1518089701.8655872;1518089701;865587241;4.440417289733887;0.352979660034179;0.0;0.0;0.0;0.4866671077251663;0.8735875034925931
1518089701.9991593;1518089701;999159355;4.452624320983886;0.37067794799804654;0.0;0.0;0.0;0.5029081920429266;0.8643398350047943
1518089702.1324844;1518089702;132484320;4.464822769165039;0.3930826187133789;0.0;0.0;0.0;0.5273379260348408;0.8496556430491549
1518089702.1991727;1518089702;199172747;4.471158027648926;0.40584564208984353;0.0;0.0;0.0;0.5384625516494739;0.84264944103176
1518089702.3998497;1518089702;399849603;4.485326766967773;0.43961429595947266;0.0;0.0;0.0;0.5739041032807246;0.8189225117418298
1518089702.4664042;1518089702;466404125;4.489507675170899;0.45065689086914074;0.0;0.0;0.0;0.5888117106701637;0.8082702328910025
1518089702.6659489;1518089702;665948765;4.500902175903319;0.48855972290039074;0.0;0.0;0.0;0.6298674919979657;0.7767026088048068
1518089702.7323198;1518089702;732319780;4.504489898681641;0.5001602172851561;0.0;0.0;0.0;0.6428708281634467;0.7659746068222133
1518089702.798889;1518089702;798888810;4.506529808044433;0.5128736495971677;0.0;0.0;0.0;0.6561527710280377;0.7546280812905305
1518089702.865442;1518089702;865441959;4.508343696594237;0.5265445709228516;0.0;0.0;0.0;0.667750925707835;0.7443847803497392
1518089702.998686;1518089702;998686147;4.507853507995605;0.5528659820556638;0.0;0.0;0.0;0.6766203470505432;0.7363320622906506
1518089703.132609;1518089703;132608977;4.513572692871091;0.5764808654785155;0.0;0.0;0.0;0.692662273210899;0.7212620711435684
1518089703.1991751;1518089703;199175211;4.5142641067504865;0.5876035690307618;0.0;0.0;0.0;0.7028277647550737;0.7113600586829336
1518089703.265947;1518089703;265947195;4.514359474182129;0.5992603302001953;0.0;0.0;0.0;0.7144567393043668;0.699679617869902
1518089703.4653952;1518089703;465395165;4.5143423080444345;0.6364164352416992;0.0;0.0;0.0;0.7325750441925178;0.680686274745077
1518089703.53198;1518089703;531980029;4.512325286865235;0.6484804153442383;0.0;0.0;0.0;0.7361233505737832;0.6768474072787951
1518089703.6654072;1518089703;665407217;4.508031845092773;0.6708517074584961;0.0;0.0;0.0;0.737957264673662;0.674847446105686
1518089703.7320943;1518089703;732094352;4.510088920593262;0.6823425292968749;0.0;0.0;0.0;0.738432489475758;0.6743274119347623
1518089703.9326713;1518089703;932671203;4.511098861694336;0.717437744140625;0.0;0.0;0.0;0.7442920260948925;0.667854310378813
1518089703.9994144;1518089703;999414444;4.510361671447754;0.728515625;0.0;0.0;0.0;0.75232217745104;0.6587953713523842
1518089704.0659382;1518089704;65938173;4.507603645324709;0.7398653030395512;0.0;0.0;0.0;0.7606136801636056;0.6492047670403972
1518089704.1986272;1518089704;198627164;4.502362251281738;0.7643909454345702;0.0;0.0;0.0;0.7697869934075219;0.6383008575747083
1518089704.39852;1518089704;398520049;4.4954519271850595;0.7997350692749023;0.0;0.0;0.0;0.7693409862174785;0.6388383574316102
1518089704.465395;1518089704;465394918;4.491186141967774;0.8105993270874026;0.0;0.0;0.0;0.7694635442795178;0.6386907342562615
1518089704.5987859;1518089704;598785828;4.488259315490723;0.8334302902221679;0.0;0.0;0.0;0.7689008536836057;0.6393680295452866
1518089704.665587;1518089704;665586980;4.487215042114258;0.8462133407592771;0.0;0.0;0.0;0.7687077187744431;0.6396002213074913
1518089704.7321687;1518089704;732168720;4.481422424316406;0.8557777404785155;0.0;0.0;0.0;0.768147967639822;0.6402723637724895
1518089704.9324894;1518089704;932489511;4.477187156677245;0.8915624618530275;0.0;0.0;0.0;0.7710053321851911;0.636828687907512
1518089704.9992373;1518089704;999237304;4.47852897644043;0.9045839309692383;0.0;0.0;0.0;0.7749305479329336;0.6320463953542995
1518089705.1324825;1518089705;132482628;4.470028877258301;0.9270124435424805;0.0;0.0;0.0;0.7847716439887195;0.6197850165914328
1518089705.199323;1518089705;199322854;4.4671850204467765;0.9382534027099607;0.0;0.0;0.0;0.7889200611633612;0.6144958397694801
1518089705.3322232;1518089705;332223246;4.460625648498534;0.9642162322998045;0.0;0.0;0.0;0.7902558750540822;0.6127770001742124
1518089705.4658437;1518089705;465843708;4.456307411193848;0.9860897064208982;0.0;0.0;0.0;0.8018903583757647;0.5974712153267197
1518089705.5989025;1518089705;598902428;4.449576377868654;1.0108203887939453;0.0;0.0;0.0;0.8113056132469226;0.5846222728514838
1518089705.6654084;1518089705;665408491;4.442421913146973;1.0217504501342773;0.0;0.0;0.0;0.8117232468132888;0.5840422678050732
1518089705.79921;1518089705;799210106;4.438982009887695;1.0438146591186526;0.0;0.0;0.0;0.817929815201176;0.5753180141495398
1518089705.865988;1518089705;865988038;4.436754226684572;1.0542697906494147;0.0;0.0;0.0;0.8262647720872707;0.5632819244459836
1518089705.9992545;1518089705;999254583;4.426046371459963;1.0764436721801758;0.0;0.0;0.0;0.8435594949795056;0.5370357329172069
1518089706.0654151;1518089706;65415089;4.421185493469237;1.0886144638061521;0.0;0.0;0.0;0.8516199387730754;0.5241597846879741
1518089706.131766;1518089706;131765973;4.413820266723632;1.1022243499755855;0.0;0.0;0.0;0.8533569952001527;0.5213269979033951
1518089706.2652502;1518089706;265250315;4.402846336364746;1.1218996047973633;0.0;0.0;0.0;0.8530542576241177;0.5218222240853351
1518089706.3988292;1518089706;398829128;4.392434120178222;1.1421089172363281;0.0;0.0;0.0;0.8538298930907879;0.5205521238690449
1518089706.4658065;1518089706;465806531;4.390595436096191;1.152134895324707;0.0;0.0;0.0;0.8565379581662362;0.5160840301931605
1518089706.532542;1518089706;532541915;4.384716987609862;1.162644386291504;0.0;0.0;0.0;0.8625258408875134;0.5060130174227612
1518089706.7322743;1518089706;732274346;4.367062568664552;1.1942329406738288;0.0;0.0;0.0;0.8791986784880506;0.47645533237111065
1518089706.7989614;1518089706;798961480;4.360806465148927;1.203921318054199;0.0;0.0;0.0;0.8844456589929484;0.4666432001953199
1518089706.931737;1518089706;931736950;4.3462820053100595;1.2266502380371098;0.0;0.0;0.0;0.8919668682948662;0.4521007695904188
1518089707.1321733;1518089707;132173385;4.3268699645996085;1.2527084350585933;0.0;0.0;0.0;0.891389038250409;0.4532389904752355
1518089707.1991067;1518089707;199106771;4.323386192321777;1.2620019912719729;0.0;0.0;0.0;0.8960826638877952;0.4438872148189816
1518089707.398878;1518089707;398878052;4.301615715026855;1.2908620834350584;0.0;0.0;0.0;0.9109610444227746;0.4124923945288784
1518089707.4654198;1518089707;465419810;4.291669845581054;1.302430152893066;0.0;0.0;0.0;0.9146772283851159;0.4041850663665378
1518089707.5987847;1518089707;598784575;4.276674270629884;1.3195877075195317;0.0;0.0;0.0;0.914743611686573;0.4040348065187009
1518089707.6657917;1518089707;665791835;4.272320747375489;1.3285045623779297;0.0;0.0;0.0;0.9186123763556588;0.3951598436154785
1518089707.7994387;1518089707;799438616;4.255558967590332;1.343452453613281;0.0;0.0;0.0;0.9290929390593285;0.36984633375240983
1518089707.865802;1518089707;865802137;4.247635841369629;1.3525838851928713;0.0;0.0;0.0;0.9345524014363544;0.3558255316437297
1518089708.0662794;1518089708;66279399;4.219259262084962;1.374790191650391;0.0;0.0;0.0;0.9465228088908827;0.3226369046611276
1518089708.1319764;1518089708;131976310;4.2074546813964835;1.380900382995605;0.0;0.0;0.0;0.9500487999337964;0.31210139016728716
1518089708.1984909;1518089708;198490840;4.197452545166015;1.3877058029174805;0.0;0.0;0.0;0.9513506859165594;0.3081101627763876
1518089708.2653694;1518089708;265369334;4.190095901489258;1.3969421386718752;0.0;0.0;0.0;0.9512269775200874;0.30849187548134716
1518089708.3321652;1518089708;332165210;4.180009841918944;1.4016189575195312;0.0;0.0;0.0;0.9531387759856133;0.30253342577746206
1518089708.532754;1518089708;532753986;4.149675369262696;1.4195394515991209;0.0;0.0;0.0;0.9642422495253502;0.265022422127435
1518089708.5993068;1518089708;599306727;4.136216163635254;1.426483154296875;0.0;0.0;0.0;0.9686777365368676;0.24832124906622663
1518089708.7991872;1518089708;799187236;4.103855133056641;1.4421186447143552;0.0;0.0;0.0;0.9809864765660596;0.1940761005237576
1518089708.8656783;1518089708;865678370;4.0885419845581055;1.4477548599243166;0.0;0.0;0.0;0.9845350974447651;0.17518744789346904
1518089708.9988437;1518089708;998843697;4.068464279174805;1.4567289352416992;0.0;0.0;0.0;0.9906337123125473;0.13654613883175687
1518089709.0655928;1518089709;65592739;4.055693626403809;1.4612770080566404;0.0;0.0;0.0;0.9934015438734866;0.11468815383366045
1518089709.198782;1518089709;198781919;4.037851333618163;1.468414306640625;0.0;0.0;0.0;0.9971986526239738;0.07479871125180743
1518089709.265419;1518089709;265418936;4.028691291809081;1.4715099334716792;0.0;0.0;0.0;0.9986256567319888;0.05240990094060619
1518089709.3318026;1518089709;331802652;4.0184593200683585;1.473345756530761;0.0;0.0;0.0;0.9995046460681223;0.03147161400751095
1518089709.531505;1518089709;531505223;3.977582931518553;1.473872184753418;0.0;0.0;0.0;0.9998664919666094;0.01634008085617309
1518089709.732006;1518089709;732005965;3.9423484802246094;1.473896026611328;0.0;0.0;0.0;0.999843234007542;0.017706140441655256
1518089709.7987769;1518089709;798776962;3.9320974349975577;1.4740781784057615;0.0;0.0;0.0;0.9998207735859858;0.01893200216355676
1518089709.867003;1518089709;867002893;3.9185914993286133;1.475486755371094;0.0;0.0;0.0;0.999848943370137;0.017380749167416217
1518089709.9988465;1518089709;998846610;3.8943424224853525;1.4748878479003908;0.0;0.0;0.0;0.9998109005980655;0.019446414715446406
1518089710.1986594;1518089710;198659328;3.860799789428711;1.4758214950561521;0.0;0.0;0.0;0.9998014238987151;0.019927688528827092
1518089710.265797;1518089710;265797007;3.8487892150878906;1.475932121276856;0.0;0.0;0.0;0.99977700819691;0.021117146607337364
1518089710.3988576;1518089710;398857615;3.8237991333007817;1.478960990905762;0.0;0.0;0.0;0.9997933084809024;0.02033077265652201
1518089710.532108;1518089710;532108125;3.8010940551757812;1.4803247451782227;0.0;0.0;0.0;0.9997707035841027;0.021413553066884885
1518089710.5989742;1518089710;598974286;3.79377269744873;1.4811983108520508;0.0;0.0;0.0;0.9997665779078734;0.021605316437862784
1518089710.665516;1518089710;665515825;3.7816867828369145;1.4821910858154295;0.0;0.0;0.0;0.9997817730071129;0.02089034137475587
1518089710.8661098;1518089710;866109813;3.7484531402587886;1.4831514358520508;0.0;0.0;0.0;0.9997357647852781;0.022986966071996344
1518089710.9322386;1518089710;932238562;3.7374677658081055;1.483161926269531;0.0;0.0;0.0;0.9997854579399534;0.02071323470145812
1518089711.1322167;1518089711;132216690;3.705493927001953;1.4846706390380857;0.0;0.0;0.0;0.999809353530282;0.019525793027673457
1518089711.332101;1518089711;332101018;3.666987419128418;1.4855298995971677;0.0;0.0;0.0;0.9997781420813607;0.021063395176051464
1518089711.3989875;1518089711;398987564;3.646913528442383;1.4859781265258787;0.0;0.0;0.0;0.9997946320738126;0.020265578609793927
1518089711.5322783;1518089711;532278342;3.62371826171875;1.485926628112793;0.0;0.0;0.0;0.9997908631327801;0.02045067226793872
1518089711.5990639;1518089711;599063930;3.612810134887694;1.4882345199584956;0.0;0.0;0.0;0.9997755028010912;0.021188298629792664
1518089711.6657572;1518089711;665757170;3.6020956039428715;1.4880599975585938;0.0;0.0;0.0;0.9997667118174948;0.021599119001347332
1518089711.798979;1518089711;798979020;3.5743322372436515;1.487079620361328;0.0;0.0;0.0;0.9997349969555895;0.023020335840457314
1518089711.8655274;1518089711;865527440;3.5609321594238277;1.4876070022583008;0.0;0.0;0.0;0.9997323807609179;0.02313367368377082
1518089711.999024;1518089711;999024001;3.5347204208374015;1.4896497726440427;0.0;0.0;0.0;0.9997585385199367;0.02197418158840658
1518089712.0655358;1518089712;65535745;3.5236377716064444;1.490985870361328;0.0;0.0;0.0;0.9997565488372581;0.022064520321438803
1518089712.2660818;1518089712;266081867;3.4765243530273438;1.4931001663208008;0.0;0.0;0.0;0.999747847719751;0.022455310724315593
1518089712.3320267;1518089712;332026780;3.453046798706054;1.493044853210449;0.0;0.0;0.0;0.9997198947617302;0.023667108348829284
1518089712.3988228;1518089712;398822798;3.4605960845947257;1.4939517974853516;0.0;0.0;0.0;0.9996804488193936;0.025278454229956525
1518089712.4656732;1518089712;465673308;3.448342323303222;1.4949874877929685;0.0;0.0;0.0;0.9997119307378304;0.02400115706460076
1518089712.532103;1518089712;532103020;3.438529014587402;1.495439529418945;0.0;0.0;0.0;0.9997139671343983;0.02391618523935626
1518089712.7323186;1518089712;732318550;3.4016418457031254;1.497340202331543;0.0;0.0;0.0;0.9996651825169709;0.025875139870369608
1518089712.9320793;1518089712;932079216;3.3593969345092782;1.498644828796387;0.0;0.0;0.0;0.9996312641975112;0.027153924925973603
1518089713.132125;1518089713;132125011;3.31428050994873;1.5009956359863281;0.0;0.0;0.0;0.9996270050270241;0.027310269509876514
1518089713.1990714;1518089713;199071521;3.3091697692871094;1.502610206604004;0.0;0.0;0.0;0.9996276981556349;0.02728488739333224
1518089713.3991184;1518089713;399118385;3.265813827514648;1.5028162002563477;0.0;0.0;0.0;0.9998896401983561;0.014856225092600386
1518089713.5320542;1518089713;532054148;3.2483777999877925;1.5035352706909182;0.0;0.0;0.0;0.9999977747882355;-0.0021096015210187447
1518089713.599121;1518089713;599121133;3.248709678649902;1.5040016174316408;0.0;0.0;0.0;0.9999996717703113;0.0008102217410403749
1518089713.7319362;1518089713;731936218;3.2169027328491206;1.505329132080078;0.0;0.0;0.0;0.9999999110766472;0.0004217187425404403
1518089713.7985713;1518089713;798571348;3.194737434387208;1.5046682357788088;0.0;0.0;0.0;0.9999993405674503;0.0011484183317073612
1518089713.8654308;1518089713;865430762;3.184693336486816;1.5045223236083982;0.0;0.0;0.0;0.999999134977836;0.0013153112102554027
1518089713.99866;1518089713;998660200;3.1578235626220703;1.5059366226196294;0.0;0.0;0.0;0.9999998785313525;0.0004928866809457144
1518089714.1319506;1518089714;131950688;3.13581371307373;1.5062866210937498;0.0;0.0;0.0;0.9999997561995234;-0.0006982842500511258
1518089714.1989138;1518089714;198913791;3.1267433166503897;1.5074014663696282;0.0;0.0;0.0;0.9999999261617372;0.0003842870286633605
1518089714.2654884;1518089714;265488469;3.11408519744873;1.507645606994629;0.0;0.0;0.0;0.9999999073175513;0.00043054022916624163
1518089714.332047;1518089714;332046892;3.104242324829101;1.5071620941162103;0.0;0.0;0.0;0.9999999435495558;0.0003360072695310704
1518089714.4654572;1518089714;465457229;3.0769405364990234;1.5075693130493164;0.0;0.0;0.0;0.9999995930787818;0.0009021320695647291
1518089714.5321994;1518089714;532199300;3.075479507446289;1.507177352905273;0.0;0.0;0.0;0.9999996592908934;0.0008254805249995749
1518089714.732067;1518089714;732067224;3.042826652526855;1.5078353881835938;0.0;0.0;0.0;0.9999999593915757;-0.0002849856960683156
1518089714.798606;1518089714;798605966;3.0315828323364253;1.5086193084716792;0.0;0.0;0.0;0.9999873969411766;0.005020553635780103
1518089714.932314;1518089714;932313839;3.0052938461303715;1.5102615356445312;0.0;0.0;0.0;0.999882016252463;0.015360780413422403
1518089715.06651;1518089715;66510064;2.988547325134277;1.5115232467651367;0.0;0.0;0.0;0.9999036151793682;0.013883816162347797
1518089715.1990144;1518089715;199014376;2.9636974334716797;1.5120887756347658;0.0;0.0;0.0;0.9998918744033808;0.014705084226002313
1518089715.3321588;1518089715;332158774;2.9269886016845703;1.5131406784057613;0.0;0.0;0.0;0.999892418893813;0.014668014135512542
1518089715.4656072;1518089715;465607083;2.9033193588256823;1.5138731002807615;0.0;0.0;0.0;0.9998910946785035;0.01475800740696867
1518089715.598981;1518089715;598980807;2.886226654052734;1.5157699584960935;0.0;0.0;0.0;0.9998969205546441;0.014357864233230466
1518089715.7988257;1518089715;798825680;2.8425817489624023;1.5178651809692385;0.0;0.0;0.0;0.9998977950266772;0.014296835341744819
1518089715.8655932;1518089715;865593174;2.831878662109375;1.518075942993164;0.0;0.0;0.0;0.999904827824905;0.01379620572647165
1518089715.998844;1518089715;998843931;2.8099670410156237;1.5179500579833982;0.0;0.0;0.0;0.9998731162304308;0.015929577510005906
1518089716.0655677;1518089716;65567687;2.806544303894041;1.5196180343627923;0.0;0.0;0.0;0.9998808414078836;0.015437065312509565
1518089716.265515;1518089716;265515012;2.7609205245971684;1.5219678878784182;0.0;0.0;0.0;0.9998789810802153;0.015557094651326202
1518089716.3994513;1518089716;399451195;2.7268056869506827;1.5225000381469727;0.0;0.0;0.0;0.9998898526160539;0.014841921555044338
1518089716.5321045;1518089716;532104561;2.7126626968383785;1.5239248275756831;0.0;0.0;0.0;0.9998616056064864;0.016636394862439143
1518089716.5988822;1518089716;598882100;2.7072877883911133;1.5245275497436523;0.0;0.0;0.0;0.9998774294437258;0.015656503089993883
1518089716.732186;1518089716;732186100;2.6648349761962895;1.525235176086426;0.0;0.0;0.0;0.9998755578191663;0.01577557846201251
1518089716.7987864;1518089716;798786306;2.669317245483399;1.5268020629882815;0.0;0.0;0.0;0.9998660299177631;0.016368329679322193
1518089716.9320962;1518089716;932096130;2.6376667022705074;1.5273294448852541;0.0;0.0;0.0;0.9998760294010436;0.015745660646778466
1518089716.9988472;1518089716;998847330;2.625379562377929;1.5272169113159175;0.0;0.0;0.0;0.9998479908498222;0.017435457939898837
1518089717.0655854;1518089717;65585401;2.62330436706543;1.5288829803466797;0.0;0.0;0.0;0.9998386823555826;0.017961326940188392
1518089717.1987822;1518089717;198782112;2.5946168899536124;1.5293588638305662;0.0;0.0;0.0;0.9998687786527232;0.016199551707121118
1518089717.3320904;1518089717;332090267;2.561346054077148;1.5312681198120117;0.0;0.0;0.0;0.9998365039177722;0.018082185528487567
1518089717.3989034;1518089717;398903454;2.564801216125488;1.5325222015380857;0.0;0.0;0.0;0.999850177790296;0.017309591927988834
1518089717.4654958;1518089717;465495936;2.544111251831055;1.531393051147461;0.0;0.0;0.0;0.9998466744200504;0.017510786708929915
1518089717.5322087;1518089717;532208562;2.539004325866699;1.5318698883056645;0.0;0.0;0.0;0.9998196388467064;0.018991834467518322
1518089717.665595;1518089717;665594995;2.5121860504150386;1.5342369079589842;0.0;0.0;0.0;0.9998391658942117;0.017934389980341664
1518089717.799332;1518089717;799331866;2.4870443344116206;1.5348596572875974;0.0;0.0;0.0;0.9998263624757479;0.01863450827133808
1518089717.8663015;1518089717;866301624;2.4743118286132812;1.5364484786987302;0.0;0.0;0.0;0.9998318147528629;0.018339634892684413
1518089717.9320753;1518089717;932075316;2.4618263244628897;1.5366086959838865;0.0;0.0;0.0;0.999822675569035;0.018831288271814243
1518089718.1321423;1518089718;132142416;2.4125461578369136;1.538784027099609;0.0;0.0;0.0;0.9997975400482735;0.020121603152358218
1518089718.1988354;1518089718;198835492;2.406746864318848;1.5392055511474612;0.0;0.0;0.0;0.999820861593131;0.018927353834312374
1518089718.3991282;1518089718;399128106;2.3747472763061532;1.5436477661132812;0.0;0.0;0.0;0.9998313553260485;0.018364664627399552
1518089718.5989432;1518089718;598943284;2.339089393615722;1.544147491455078;0.0;0.0;0.0;0.9999201394236037;-0.012637831106675886
1518089718.665206;1518089718;665206027;2.332218170166015;1.5414991378784177;0.0;0.0;0.0;0.9999302934860824;-0.011807123647909827
1518089718.7983594;1518089718;798359496;2.3063755035400386;1.5419874191284175;0.0;0.0;0.0;0.9999181689054704;-0.012792790654555044
1518089718.8654008;1518089718;865400842;2.273841857910156;1.5409717559814453;0.0;0.0;0.0;0.99991291586676;-0.013196995219889854
1518089718.9318922;1518089718;931892154;2.264697074890137;1.5421895980834965;0.0;0.0;0.0;0.9999123817339686;-0.013237403639020819
1518089719.0655189;1518089719;65518832;2.24678611755371;1.5422830581665041;0.0;0.0;0.0;0.9999151246193606;-0.013028566976021012
1518089719.199306;1518089719;199305911;2.2255172729492188;1.5424251556396484;0.0;0.0;0.0;0.9998908975487258;-0.014771357392039662
1518089719.2659118;1518089719;265911836;2.2102394104003906;1.5427684783935547;0.0;0.0;0.0;0.9998775544606744;-0.015648517046068473
1518089719.3987057;1518089719;398705611;2.1901321411132804;1.5430049896240228;0.0;0.0;0.0;0.9998831943870546;-0.015283899448100293
1518089719.5320902;1518089719;532090109;2.170892715454101;1.5426416397094727;0.0;0.0;0.0;0.9998871003051917;-0.01502619856369508
1518089719.5988915;1518089719;598891429;2.1564607620239253;1.5423974990844724;0.0;0.0;0.0;0.999882999353555;-0.015296653350936908
1518089719.7987657;1518089719;798765712;2.120549201965332;1.5433340072631834;0.0;0.0;0.0;0.9998681018844552;-0.0162412694693702
1518089719.8670673;1518089719;867067241;2.1086549758911133;1.5424861907958987;0.0;0.0;0.0;0.9998713708278255;-0.016038759268884466
1518089719.9988592;1518089719;998859117;2.0719003677368164;1.5427207946777344;0.0;0.0;0.0;0.9998623799565612;-0.016589790462847653
1518089720.1320353;1518089720;132035362;2.0572643280029297;1.5425901412963867;0.0;0.0;0.0;0.9998601540751771;-0.016723405537242938
1518089720.1990144;1518089720;199014503;2.0490303039550786;1.5422353744506838;0.0;0.0;0.0;0.9998621959730013;-0.016600875400036495
1518089720.2659342;1518089720;265934309;2.037924766540528;1.5431432723999021;0.0;0.0;0.0;0.9997992514741765;-0.02003638569394294
1518089720.3327408;1518089720;332740709;2.0218696594238277;1.5434179306030271;0.0;0.0;0.0;0.999581045536613;-0.028943624581790093
1518089720.5324132;1518089720;532413187;1.9844236373901367;1.5399141311645508;0.0;0.0;0.0;0.9979424642987467;-0.06411581668624952
1518089720.7316499;1518089720;731649938;1.959127426147461;1.5321912765502927;0.0;0.0;0.0;0.9968247761488742;-0.07962641305337542
1518089720.9322631;1518089720;932263195;1.902368545532227;1.5328378677368166;0.0;0.0;0.0;0.9961332830814378;-0.08785489364512443
1518089721.0661573;1518089721;66157243;1.883559226989746;1.52978515625;0.0;0.0;0.0;0.9941357120238485;-0.10813966006436153
1518089721.1323652;1518089721;132365288;1.873539924621582;1.526471138000488;0.0;0.0;0.0;0.9927444080651855;-0.12024367033363706
1518089721.1991189;1518089721;199118898;1.8668508529663081;1.5238990783691404;0.0;0.0;0.0;0.9915552381940856;-0.12968504003881942
1518089721.2657497;1518089721;265749771;1.8585071563720703;1.5206336975097658;0.0;0.0;0.0;0.9900888049112332;-0.14044272280700806
1518089721.3990452;1518089721;399045125;1.8397483825683594;1.5133886337280273;0.0;0.0;0.0;0.9868222996095063;-0.16180775319312024
1518089721.5322185;1518089721;532218470;1.8130788803100573;1.504271507263183;0.0;0.0;0.0;0.9829397994431769;-0.1839275690879628
1518089721.598919;1518089721;598918831;1.8084316253662105;1.5001926422119138;0.0;0.0;0.0;0.9809601159906307;-0.19420929647071064
1518089721.6656291;1518089721;665629195;1.7929677963256836;1.498023986816406;0.0;0.0;0.0;0.9782904854801553;-0.2072383314423328
1518089721.7989175;1518089721;798917549;1.7793989181518557;1.4884395599365234;0.0;0.0;0.0;0.9733931736614415;-0.22914128713373944
1518089721.9319515;1518089721;931951595;1.7584848403930662;1.4773035049438477;0.0;0.0;0.0;0.9680776215572285;-0.2506505907435674
1518089722.1318693;1518089722;131869347;1.7323341369628908;1.4601402282714844;0.0;0.0;0.0;0.9661652616459873;-0.257923801128436
1518089722.1987786;1518089722;198778535;1.7192287445068362;1.4544105529785156;0.0;0.0;0.0;0.9659545082364505;-0.25871197888323044
1518089722.3323166;1518089722;332316532;1.6960268020629883;1.4439334869384763;0.0;0.0;0.0;0.9633331794516522;-0.2683080046654791
1518089722.399032;1518089722;399032159;1.688992500305176;1.438628196716309;0.0;0.0;0.0;0.9611803501111815;-0.27592088460308045
1518089722.5323663;1518089722;532366252;1.6660633087158203;1.4273910522460935;0.0;0.0;0.0;0.9573606859184909;-0.2888953392799484
1518089722.598799;1518089722;598799062;1.6586027145385744;1.4227094650268557;0.0;0.0;0.0;0.9553741326899924;-0.29539848778699734
1518089722.6655788;1518089722;665578819;1.6474943161010738;1.4167661666870113;0.0;0.0;0.0;0.9531809985734584;-0.3024003703015336
1518089722.798948;1518089722;798948017;1.6277761459350588;1.4035387039184573;0.0;0.0;0.0;0.9494783143407655;-0.31383264743588846
1518089722.865505;1518089722;865504892;1.618675231933594;1.3964271545410156;0.0;0.0;0.0;0.9476151669604366;-0.3194143004728246
1518089722.998834;1518089722;998833780;1.6023502349853513;1.381716728210449;0.0;0.0;0.0;0.9441275823451389;-0.3295802000350187
1518089723.0655081;1518089723;65508211;1.5925893783569334;1.3745164871215818;0.0;0.0;0.0;0.9420447524298454;-0.33548723436129624
1518089723.1323478;1518089723;132347722;1.5843582153320312;1.367218017578125;0.0;0.0;0.0;0.9398071760946811;-0.34170524104985706
1518089723.2658856;1518089723;265885478;1.5654706954956055;1.3527650833129885;0.0;0.0;0.0;0.9339185201333061;-0.35748594063545414
1518089723.3994155;1518089723;399415477;1.5497541427612302;1.3350954055786133;0.0;0.0;0.0;0.9271526189916386;-0.37468389489934784
1518089723.5323296;1518089723;532329668;1.5319461822509766;1.3175992965698238;0.0;0.0;0.0;0.9203295986479766;-0.3911437457667633
1518089723.5986261;1518089723;598626212;1.5233850479125974;1.3097305297851558;0.0;0.0;0.0;0.9177106363850814;-0.3972495284650302
1518089723.7318594;1518089723;731859505;1.5082912445068364;1.2912979125976565;0.0;0.0;0.0;0.916735911839105;-0.3994937645877902
1518089723.8656077;1518089723;865607633;1.4891090393066406;1.2756299972534177;0.0;0.0;0.0;0.9149989424952734;-0.4034562370722895
1518089723.9322493;1518089723;932249223;1.4819946289062493;1.2681312561035152;0.0;0.0;0.0;0.911678372774756;-0.410904544407546
1518089723.9992533;1518089723;999253340;1.4735813140869138;1.2587585449218752;0.0;0.0;0.0;0.9082588706308287;-0.4184086805031794
1518089724.0656953;1518089724;65695359;1.4703006744384766;1.2476720809936526;0.0;0.0;0.0;0.9056449396396633;-0.42403684191950886
1518089724.1990569;1518089724;199056909;1.4541587829589844;1.2304630279541018;0.0;0.0;0.0;0.8971694932195768;-0.4416864277246106
1518089724.3321812;1518089724;332181194;1.447576522827148;1.1925230026245113;0.0;0.0;0.0;0.8913453235940669;-0.45332495420723085
1518089724.3987725;1518089724;398772363;1.4428071975708006;1.1826992034912105;0.0;0.0;0.0;0.8861812686055802;-0.46333870890807793
1518089724.4655771;1518089724;465577027;1.4276037216186521;1.1932106018066404;0.0;0.0;0.0;0.8760056157821499;-0.48230090308658596
1518089724.5322063;1518089724;532206242;1.4246921539306636;1.1815023422241206;0.0;0.0;0.0;0.8712763006194932;-0.490792836111949
1518089724.73199;1518089724;731990068;1.4061546325683596;1.1500072479248047;0.0;0.0;0.0;-0.8473792532444279;0.5309881365632525
1518089724.7992523;1518089724;799252202;1.3994417190551758;1.1391849517822263;0.0;0.0;0.0;-0.8390597949307915;0.5440392086336224
1518089724.93199;1518089724;931989945;1.393040657043457;1.116537094116211;0.0;0.0;0.0;-0.8209277720572767;0.5710320420651329
1518089725.1321805;1518089725;132180398;1.37493896484375;1.0861282348632812;0.0;0.0;0.0;-0.7901927567763711;0.6128583907707873
1518089725.1987848;1518089725;198784889;1.3725080490112305;1.0767087936401365;0.0;0.0;0.0;-0.7795777928776255;0.6263054086083322
1518089725.3320312;1518089725;332031197;1.3650894165039058;1.052572250366211;0.0;0.0;0.0;-0.7585642247974919;0.651598278740345
1518089725.3986912;1518089725;398691205;1.366168022155762;1.0393428802490232;0.0;0.0;0.0;-0.7482321394131428;0.6634370094811046
1518089725.465464;1518089725;465464199;1.3666877746582036;1.0277767181396484;0.0;0.0;0.0;-0.7391281992658919;0.6735647742050946
1518089725.5987363;1518089725;598736376;1.3627815246582036;1.0042762756347656;0.0;0.0;0.0;-0.7177012662165232;0.6963511272850784
1518089725.6655858;1518089725;665585698;1.364021301269531;0.9915676116943359;0.0;0.0;0.0;-0.7069961946646913;0.7072173504161545
1518089725.7984798;1518089725;798479719;1.3665161132812498;0.9645128250122068;0.0;0.0;0.0;-0.685699069217544;0.7278851464854835
1518089725.864993;1518089725;864993168;1.371433258056641;0.9532861709594724;0.0;0.0;0.0;-0.6797466472999213;0.7334469956885205
1518089726.064976;1518089726;64976039;1.3723220825195312;0.9173336029052732;0.0;0.0;0.0;-0.6756719639900647;0.7372024125556079
1518089726.131757;1518089726;131756952;1.3695125579833982;0.9050455093383787;0.0;0.0;0.0;-0.6759104386772465;0.7369837711151666
1518089726.199183;1518089726;199182899;1.3727331161499026;0.8940153121948242;0.0;0.0;0.0;-0.6752259303137305;0.7376109699780482
1518089726.332046;1518089726;332046135;1.3751134872436521;0.8713083267211913;0.0;0.0;0.0;-0.6750868129209852;0.7377382971082542
1518089726.3988938;1518089726;398893761;1.3734617233276372;0.8592939376831055;0.0;0.0;0.0;-0.6750366825653344;0.7377841670781421
1518089726.5327141;1518089726;532714085;1.3765830993652344;0.8390293121337891;0.0;0.0;0.0;-0.6679120131459761;0.7442402452805743
1518089726.599421;1518089726;599420966;1.3747415542602537;0.8266267776489256;0.0;0.0;0.0;-0.6555490734851478;0.7551525754791307
1518089726.7986193;1518089726;798619277;1.3852787017822266;0.7926902770996094;0.0;0.0;0.0;-0.6261680781208431;0.779688102988913
1518089726.865122;1518089726;865122000;1.3866376876831055;0.7796211242675781;0.0;0.0;0.0;-0.6244770356877607;0.7810431690365311
1518089726.998459;1518089726;998458989;1.3942728042602541;0.7555704116821291;0.0;0.0;0.0;-0.6258533117439141;0.7799407876109409
1518089727.1323211;1518089727;132321167;1.3971004486083984;0.7347507476806641;0.0;0.0;0.0;-0.6249030031366564;0.7807023995549061
1518089727.1994803;1518089727;199480381;1.4005231857299802;0.7244453430175781;0.0;0.0;0.0;-0.6172145770811559;0.7867948689706422
1518089727.2660103;1518089727;266010187;1.397418022155762;0.7122859954833983;0.0;0.0;0.0;-0.6038586942353628;0.7970913858500559
1518089727.3324955;1518089727;332495431;1.4006710052490234;0.7003841400146484;0.0;0.0;0.0;-0.5919802246726175;0.8059524884238259
1518089727.5321968;1518089727;532196849;1.4165964126586916;0.6661100387573243;0.0;0.0;0.0;-0.5824915492181352;0.8128367579590977
1518089727.5996804;1518089727;599680335;1.4141283035278323;0.6554307937622071;0.0;0.0;0.0;-0.5734911331502026;0.819211767614514
1518089727.666707;1518089727;666706946;1.4153804779052728;0.6437044143676758;0.0;0.0;0.0;-0.5572758404911856;0.8303274279492655
1518089727.7327528;1518089727;732752890;1.419273376464844;0.631272315979004;0.0;0.0;0.0;-0.5375974297994097;0.8432016386802559
1518089727.9321783;1518089727;932178211;1.434282302856445;0.5986633300781249;0.0;0.0;0.0;-0.48303004713374464;0.8756037765827489
1518089728.0650926;1518089728;65092607;1.4496288299560545;0.5775547027587891;0.0;0.0;0.0;-0.4719831630305405;0.8816075622496022
1518089728.1990206;1518089728;199020705;1.4609565734863281;0.5598230361938479;0.0;0.0;0.0;-0.45436082171935926;0.8908177387583325
1518089728.2656863;1518089728;265686252;1.4681711196899419;0.5478792190551761;0.0;0.0;0.0;-0.43914924742900374;0.898414124155748
1518089728.3987553;1518089728;398755306;1.4865550994873047;0.5278549194335935;0.0;0.0;0.0;-0.4113929627302892;0.9114580792422627
1518089728.5321648;1518089728;532164863;1.5018062591552737;0.5108900070190431;0.0;0.0;0.0;-0.387323036296096;0.921944068560763
1518089728.5990129;1518089728;599012820;1.5103397369384766;0.5041637420654297;0.0;0.0;0.0;-0.3714265828636261;0.9284623274760532
1518089728.6656425;1518089728;665642446;1.5187778472900393;0.49637317657470714;0.0;0.0;0.0;-0.3509786378144714;0.9363834662134408
1518089728.7316294;1518089728;731629364;1.5282297134399412;0.48623371124267567;0.0;0.0;0.0;-0.3341007037291354;0.9425373837507436
1518089728.9318829;1518089728;931882794;1.5603857040405271;0.45658206939697243;0.0;0.0;0.0;-0.3358814489289394;0.9419042691618912
1518089728.9993012;1518089728;999301130;1.5691976547241206;0.45068073272705056;0.0;0.0;0.0;-0.33674589209552436;0.9415955629445104
1518089729.1328027;1518089729;132802683;1.5853891372680664;0.4406261444091797;0.0;0.0;0.0;-0.32430946369137453;0.9459510408896504
1518089729.1997316;1518089729;199731596;1.5942296981811523;0.43171119689941395;0.0;0.0;0.0;-0.31052973898969616;0.9505636649919832
1518089729.2665534;1518089729;266553412;1.6014766693115234;0.42589855194091786;0.0;0.0;0.0;-0.2936283237637112;0.9559196658107381
1518089729.46557;1518089729;465570056;1.642871856689453;0.40150833129882824;0.0;0.0;0.0;-0.23396185686078386;0.9722457763005474
1518089729.598801;1518089729;598800821;1.658749580383301;0.38823986053466775;0.0;0.0;0.0;-0.22274546792575534;0.9748766365641021
1518089729.6657403;1518089729;665740269;1.6681680679321285;0.3850955963134768;0.0;0.0;0.0;-0.2097064974182933;0.9777643810962595
1518089729.7988605;1518089729;798860449;1.6924209594726565;0.3760995864868164;0.0;0.0;0.0;-0.18027143838367984;0.9836169012898666
1518089729.9321172;1518089729;932117143;1.7209825515747073;0.36630821228027355;0.0;0.0;0.0;-0.1696144512508748;0.9855104961018247
1518089729.9990182;1518089729;999018195;1.731387138366699;0.36465072631835926;0.0;0.0;0.0;-0.16537485008297764;0.9862307838229512
1518089730.065825;1518089730;65825067;1.7421312332153323;0.3600463867187499;0.0;0.0;0.0;-0.15082674307260138;0.9885602124170847
1518089730.1322193;1518089730;132219253;1.7476072311401363;0.35659694671630837;0.0;0.0;0.0;-0.13582994356334926;0.9907321668501419
1518089730.265447;1518089730;265446832;1.7776155471801758;0.3504810333251952;0.0;0.0;0.0;-0.1367662150620496;0.9906033527187363
1518089730.39967;1518089730;399669851;1.803715705871582;0.3416233062744142;0.0;0.0;0.0;-0.13622747228989412;0.9906775841783774
1518089730.532728;1518089730;532728042;1.8173885345458984;0.3365306854248047;0.0;0.0;0.0;-0.11949021024539985;0.9928353789302182
1518089730.665741;1518089730;665741058;1.853697776794434;0.33158206939697266;0.0;0.0;0.0;-0.10238736653430386;0.9947446039934924
1518089730.7993457;1518089730;799345644;1.8650951385498047;0.32535934448242165;0.0;0.0;0.0;-0.09949422893375363;0.9950381391730057
1518089730.8660867;1518089730;866086677;1.8848581314086919;0.324676513671875;0.0;0.0;0.0;-0.08396708089383571;0.9964685290194408
1518089730.9991775;1518089730;999177381;1.9058589935302739;0.3198289871215819;0.0;0.0;0.0;-0.05382168527698501;0.9985505626626752
1518089731.0661218;1518089731;66121750;1.9173707962036128;0.31922245025634743;0.0;0.0;0.0;-0.04639667382661679;0.9989230944661488
1518089731.1991591;1518089731;199159196;1.9364957809448242;0.31655025482177734;0.0;0.0;0.0;0.0006191166071515403;0.9999998083472951
1518089731.3318484;1518089731;331848273;1.963936805725098;0.31339454650878895;0.0;0.0;0.0;0.019065767098868515;0.9998182317426162
1518089731.398597;1518089731;398597086;1.9753980636596675;0.315384864807129;0.0;0.0;0.0;0.018320466777681742;0.9998321661644257
1518089731.465396;1518089731;465396010;1.9826107025146493;0.3152208328247071;0.0;0.0;0.0;0.018968582540102894;0.9998200802526519
1518089731.599101;1518089731;599101164;2.008524894714355;0.3167781829833984;0.0;0.0;0.0;0.01891494798418521;0.999821096368123
1518089731.7331355;1518089731;733135373;2.026535987854004;0.3149890899658203;0.0;0.0;0.0;0.03676585935008835;0.9993239072424163
1518089731.8002977;1518089731;800297838;2.0482749938964844;0.3138771057128906;0.0;0.0;0.0;0.055304005598702174;0.9984695623626885
1518089731.867018;1518089731;867017941;2.0583448410034184;0.3141183853149415;0.0;0.0;0.0;0.07566608551444443;0.9971332125162219
1518089731.9326313;1518089731;932631351;2.0701246261596675;0.3157081604003906;0.0;0.0;0.0;0.09382149750548717;0.9955890349967842
1518089732.1317608;1518089732;131760772;2.0999670028686532;0.3239889144897461;0.0;0.0;0.0;0.11444801788542999;0.993429238145373
1518089732.1983225;1518089732;198322497;2.111164093017578;0.3253049850463866;0.0;0.0;0.0;0.11431381058412039;0.9934446903123182
1518089732.2652462;1518089732;265246096;2.125527381896973;0.3279561996459962;0.0;0.0;0.0;0.11539329401916515;0.9933198818585112
1518089732.399271;1518089732;399271063;2.1513147354125977;0.3325357437133789;0.0;0.0;0.0;0.11833921466292324;0.9929732273696822
1518089732.4662604;1518089732;466260401;2.157510757446288;0.3342761993408203;0.0;0.0;0.0;0.13468584900283076;0.9908883499559306
1518089732.6658075;1518089732;665807463;2.190783500671388;0.34387588500976596;0.0;0.0;0.0;0.18482485103647353;0.9827714762035706
1518089732.7320518;1518089732;732051936;2.2055387496948238;0.3502292633056642;0.0;0.0;0.0;0.19494696833049893;0.9808137843335745
1518089732.7985103;1518089732;798510331;2.217044830322265;0.35540771484375;0.0;0.0;0.0;0.19407567563321818;0.9809865606253277
1518089732.8652709;1518089732;865270958;2.2285118103027353;0.35877799987793;0.0;0.0;0.0;0.19474603358751075;0.98085370081472
1518089732.998971;1518089732;998971097;2.2472677230834965;0.36865806579589855;0.0;0.0;0.0;0.19690592960050993;0.9804223859582966
1518089733.13283;1518089733;132829922;2.2714061737060547;0.3747825622558594;0.0;0.0;0.0;0.2256542173008645;0.974207459535357
1518089733.1999998;1518089733;199999788;2.2806739807128906;0.38067245483398426;0.0;0.0;0.0;0.2438671233775606;0.969808654392996
1518089733.2665443;1518089733;266544282;2.291609764099121;0.3881397247314452;0.0;0.0;0.0;0.2612058964895467;0.9652831085433393
1518089733.398506;1518089733;398506009;2.3145246505737314;0.4024181365966798;0.0;0.0;0.0;0.28296482031595244;0.959130288575833
1518089733.5317187;1518089733;531718710;2.3347034454345708;0.4158143997192384;0.0;0.0;0.0;0.2814910229724065;0.959563861338029
1518089733.5990584;1518089733;599058385;2.343480110168458;0.42142009735107444;0.0;0.0;0.0;0.2821443758022119;0.9593719566482961
1518089733.6660511;1518089733;666051043;2.3522176742553706;0.4264488220214844;0.0;0.0;0.0;0.2881773314913884;0.9575770598831733
1518089733.733089;1518089733;733088909;2.362977027893066;0.4362936019897461;0.0;0.0;0.0;0.30678800228029296;0.9517778741160497
1518089733.8659763;1518089733;865976291;2.384177207946778;0.4510021209716796;0.0;0.0;0.0;0.3525617397279516;0.9357885550058839
1518089734.0647874;1518089734;64787365;2.4076700210571285;0.47041416168212913;0.0;0.0;0.0;0.4095660403013718;0.9122804714734691
1518089734.1313207;1518089734;131320635;2.416238784790039;0.4798717498779297;0.0;0.0;0.0;0.407914973165225;0.9130199201921138
1518089734.1983626;1518089734;198362559;2.423811912536621;0.48867034912109375;0.0;0.0;0.0;0.40836680155012983;0.9128179201745094
1518089734.2657256;1518089734;265725726;2.437161445617676;0.4923582077026367;0.0;0.0;0.0;0.4159881789954675;0.9093700209133986
1518089734.4662638;1518089734;466263702;2.452154159545898;0.5260066986083988;0.0;0.0;0.0;0.4654992313586735;0.8850482843350888
1518089734.53272;1518089734;532720030;2.4570655822753906;0.5360727310180666;0.0;0.0;0.0;0.48729135321653044;0.8732394500252508
1518089734.599696;1518089734;599695902;2.4651174545288086;0.5478200912475588;0.0;0.0;0.0;0.5071528984855858;0.8618561002613309
1518089734.666106;1518089734;666105946;2.473013877868652;0.5546751022338866;0.0;0.0;0.0;0.5288932117808316;0.848688382465647
1518089734.7980237;1518089734;798023816;2.4854984283447266;0.5723791122436525;0.0;0.0;0.0;0.5614006617735064;0.8275441359590853
1518089734.8660367;1518089734;866036643;2.487393379211426;0.584636688232422;0.0;0.0;0.0;0.5605766483669509;0.8281025427479836
1518089734.998349;1518089734;998348975;2.4927005767822266;0.6066932678222656;0.0;0.0;0.0;0.5602364698901513;0.8283327216795323
1518089735.0659745;1518089735;65974426;2.503981590270996;0.6156311035156251;0.0;0.0;0.0;0.5639733206901704;0.8257930089009607
1518089735.1326447;1518089735;132644575;2.5112218856811523;0.6230125427246095;0.0;0.0;0.0;0.5751839242761885;0.8180241153256081
1518089735.1994581;1518089735;199458061;2.5140523910522456;0.6316556930541992;0.0;0.0;0.0;0.5890753983617043;0.8080780748448749
1518089735.398802;1518089735;398801977;2.5208158493041997;0.6688804626464844;0.0;0.0;0.0;0.6311337034626185;0.7756740606424579
1518089735.5315087;1518089735;531508672;2.530716896057128;0.6953477859497075;0.0;0.0;0.0;0.6460878692420398;0.7632630380270494
1518089735.5983953;1518089735;598395399;2.529288291931152;0.7088899612426757;0.0;0.0;0.0;0.6465073174891277;0.7629077850127184
1518089735.7323356;1518089735;732335613;2.5375061035156246;0.7273645401000975;0.0;0.0;0.0;0.6587278248449129;0.7523813213890213
1518089735.8657312;1518089735;865731176;2.540246963500976;0.751467704772949;0.0;0.0;0.0;0.6846419144598443;0.7288795846810083
1518089735.932306;1518089735;932306028;2.543283462524413;0.7626028060913086;0.0;0.0;0.0;0.6967466668145119;0.7173172814611868
1518089735.9993525;1518089735;999352350;2.546470642089844;0.7750730514526369;0.0;0.0;0.0;0.7077419590508303;0.7064710322432851
1518089736.0660334;1518089736;66033476;2.5416812896728525;0.7876720428466799;0.0;0.0;0.0;0.7187393148797946;0.6952796539854474
1518089736.1985383;1518089736;198538262;2.5437002182006836;0.813044548034668;0.0;0.0;0.0;0.7369452847096042;0.6759524002060207
1518089736.3313622;1518089736;331362158;2.5417346954345703;0.8393440246582031;0.0;0.0;0.0;0.7449926210836366;0.6670727055808332
1518089736.3981245;1518089736;398124436;2.539006233215332;0.8508529663085938;0.0;0.0;0.0;0.7444842641158805;0.6676400081509767
1518089736.4649787;1518089736;464978731;2.5384216308593754;0.8612976074218748;0.0;0.0;0.0;0.7439503430111237;0.6682349041569374
1518089736.5984483;1518089736;598448389;2.5364770889282218;0.8852643966674802;0.0;0.0;0.0;0.7451427781092542;0.6669049709153642
1518089736.6652946;1518089736;665294570;2.536676406860351;0.8975601196289062;0.0;0.0;0.0;0.7453079191400357;0.6667204104174029
1518089736.7989116;1518089736;798911652;2.5335292816162114;0.9227676391601565;0.0;0.0;0.0;0.7441487826065252;0.6680139140356485
1518089736.865859;1518089736;865858930;2.5283346176147465;0.9328889846801758;0.0;0.0;0.0;0.7500816949920429;0.6613451828189756
1518089736.9325068;1518089736;932506710;2.5295743942260738;0.9434642791748045;0.0;0.0;0.0;0.7584500674424117;0.6517311525442077
1518089737.1320374;1518089737;132037516;2.5242586135864262;0.9823656082153323;0.0;0.0;0.0;0.7856650465149606;0.6186521111938799
1518089737.1986496;1518089737;198649561;2.5209627151489262;0.9949340820312502;0.0;0.0;0.0;0.7946250957528264;0.6071004506667834
1518089737.331751;1518089737;331751016;2.5126094818115225;1.016541481018066;0.0;0.0;0.0;0.80556925883479;0.5925016195930328
1518089737.399114;1518089737;399113865;2.5081872940063477;1.0277986526489256;0.0;0.0;0.0;0.8112398881821596;0.5847134715586745
1518089737.5317514;1518089737;531751463;2.4998741149902353;1.0523128509521487;0.0;0.0;0.0;0.822662667233726;0.568529802156309
1518089737.5982525;1518089737;598252602;2.495222091674805;1.063115119934082;0.0;0.0;0.0;0.8222180555473897;0.5691726180447102
1518089737.7316926;1518089737;731692577;2.487071037292481;1.0846166610717773;0.0;0.0;0.0;0.8224227756324537;0.5688767688357567
1518089737.7987885;1518089737;798788503;2.483277320861817;1.0954694747924805;0.0;0.0;0.0;0.8233541997392873;0.5675278510977924
1518089737.8656003;1518089737;865600399;2.475432395935059;1.1065835952758791;0.0;0.0;0.0;0.8262444255715443;0.5633117691047724
1518089737.998895;1518089737;998894844;2.4701118469238286;1.1278162002563477;0.0;0.0;0.0;0.8371770678269035;0.5469319492448287
1518089738.1316917;1518089738;131691679;2.461472511291503;1.1499929428100584;0.0;0.0;0.0;0.8366532639980331;0.5477328873104457
1518089738.26522;1518089738;265219915;2.4510841369628906;1.172294616699219;0.0;0.0;0.0;0.8366596628360786;0.5477231130626307
1518089738.3317735;1518089738;331773554;2.4471158981323238;1.1818456649780273;0.0;0.0;0.0;0.8366044854291328;0.5478073885590228
1518089738.465806;1518089738;465806011;2.434606552124023;1.2093238830566404;0.0;0.0;0.0;0.8471517432268527;0.5313510364605537
1518089738.599309;1518089738;599308924;2.4267187118530273;1.228492736816406;0.0;0.0;0.0;0.8661659318839755;0.4997565191606452
1518089738.6658697;1518089738;665869663;2.420086860656738;1.23942756652832;0.0;0.0;0.0;0.8758929021654493;0.48250556881365286
1518089738.7324667;1518089738;732466680;2.414254188537597;1.2493009567260747;0.0;0.0;0.0;0.8849220976283156;0.46573906979026547
1518089738.9312036;1518089738;931203550;2.3904848098754874;1.278554916381836;0.0;0.0;0.0;0.8943765606448977;0.4473148418832129
1518089738.9980738;1518089738;998073732;2.3833150863647456;1.2891664505004883;0.0;0.0;0.0;0.8942938930466693;0.44748009213755247
1518089739.132047;1518089739;132047034;2.374329566955567;1.3075084686279297;0.0;0.0;0.0;0.8968169058006152;0.4424018958709494
1518089739.1991956;1518089739;199195516;2.365548133850098;1.3214607238769533;0.0;0.0;0.0;0.9049966031397204;0.42541879166953533
1518089739.332054;1518089739;332053790;2.351044654846191;1.3395156860351558;0.0;0.0;0.0;0.9202343570706849;0.3913677657481557
1518089739.3985236;1518089739;398523677;2.3414058685302725;1.3473777770996092;0.0;0.0;0.0;0.9228399026770726;0.38518374060566374
1518089739.5320225;1518089739;532022440;2.3206062316894536;1.3621711730957031;0.0;0.0;0.0;0.9232175425791463;0.3842777238848513
1518089739.5990906;1518089739;599090629;2.321213722229004;1.3714809417724607;0.0;0.0;0.0;0.930539552103309;0.3661914007337873
1518089739.6657987;1518089739;665798678;2.3057279586791988;1.3820152282714844;0.0;0.0;0.0;0.9384843255012584;0.3453218365357859
1518089739.798335;1518089739;798335187;2.2903776168823233;1.3995351791381831;0.0;0.0;0.0;0.9496725237259124;0.3132444695123225
1518089739.9312913;1518089739;931291453;2.2727756500244136;1.411468505859375;0.0;0.0;0.0;0.9506752357549627;0.31018800125447465
1518089739.9979506;1518089739;997950550;2.2579431533813477;1.4191408157348635;0.0;0.0;0.0;0.9507129086005801;0.3100725163896746
1518089740.0650516;1518089740;65051584;2.2519187927246094;1.4263000488281252;0.0;0.0;0.0;0.9508383588192474;0.309687609370992
1518089740.2665894;1518089740;266589446;2.2170133590698247;1.4480733871459963;0.0;0.0;0.0;0.961487132473993;0.2748499483116892
1518089740.3992028;1518089740;399202713;2.1845102310180673;1.4600610733032227;0.0;0.0;0.0;0.9716068656835098;0.23660113811363223
1518089740.5321927;1518089740;532192772;2.1645193099975586;1.4738473892211914;0.0;0.0;0.0;0.9817077875691681;0.1903938544860342
1518089740.5986934;1518089740;598693412;2.157609939575195;1.4786119461059566;0.0;0.0;0.0;0.9856299229647847;0.1689190781304253
1518089740.7314963;1518089740;731496430;2.139451026916504;1.4864997863769538;0.0;0.0;0.0;0.9924271364426117;0.12283476239370392
1518089740.7978284;1518089740;797828486;2.1307706832885733;1.4907217025756834;0.0;0.0;0.0;0.9936676316035122;0.11235941395124271
1518089740.9312449;1518089740;931244906;2.0983657836914062;1.4975976943969729;0.0;0.0;0.0;0.9932760483288878;0.11576999531894686
1518089740.9981725;1518089740;998172428;2.0923013687133785;1.5017747879028318;0.0;0.0;0.0;0.9934789860878998;0.11401536827006538
1518089741.1317248;1518089741;131724823;2.0618839263916007;1.506388664245605;0.0;0.0;0.0;0.9935512157388192;0.11338422158269833
1518089741.1987484;1518089741;198748314;2.0536909103393546;1.5102014541625972;0.0;0.0;0.0;0.993598329104304;0.11297061742389167
1518089741.3323374;1518089741;332337295;2.02338981628418;1.5178365707397459;0.0;0.0;0.0;0.9939316963560861;0.10999901353518146
1518089741.39922;1518089741;399220062;2.019309043884277;1.5187911987304683;0.0;0.0;0.0;0.9953970201540931;0.09583721755326577
1518089741.4659002;1518089741;465900192;2.00297737121582;1.5211868286132808;0.0;0.0;0.0;0.9969784043563141;0.07767922017591142
1518089741.5994177;1518089741;599417610;1.9874954223632808;1.523599624633789;0.0;0.0;0.0;0.9992703512206867;0.03819378445880277
1518089741.7319574;1518089741;731957405;1.9665880203247064;1.5248336791992179;0.0;0.0;0.0;0.9999950280395223;-0.003153394398902304
1518089741.7980797;1518089741;798079745;1.9531326293945308;1.5235633850097652;0.0;0.0;0.0;0.9997784784214222;-0.021047424672533316
1518089741.8646138;1518089741;864613864;1.943049430847167;1.5255727767944334;0.0;0.0;0.0;0.9997790526210051;-0.021020131784688412
1518089741.9313068;1518089741;931306734;1.9212856292724605;1.5241231918334956;0.0;0.0;0.0;0.9997300620093537;-0.023233663395465707
1518089742.1314754;1518089742;131475382;1.8819284439086905;1.522405624389648;0.0;0.0;0.0;0.9997121338444448;-0.023992695642360867
1518089742.1985753;1518089742;198575353;1.8666372299194336;1.5251197814941408;0.0;0.0;0.0;0.9996687970648361;-0.025735115599963252
1518089742.3317277;1518089742;331727790;1.8506603240966797;1.525613784790039;0.0;0.0;0.0;0.9996532707479142;-0.02633131753249839
1518089742.398499;1518089742;398499116;1.8368759155273429;1.5240449905395506;0.0;0.0;0.0;0.9996528123116097;-0.02634871605011505
1518089742.4651358;1518089742;465135761;1.8250036239624028;1.5219144821166994;0.0;0.0;0.0;0.9996714576754191;-0.025631556899704352
1518089742.5985231;1518089742;598523177;1.8065261840820312;1.5232992172241213;0.0;0.0;0.0;0.9996270440936551;-0.027308839531947567
1518089742.7318401;1518089742;731840019;1.7754564285278311;1.5241489410400388;0.0;0.0;0.0;0.9996133850612712;-0.02780432351895862
1518089742.7985225;1518089742;798522527;1.7659330368041992;1.524022102355957;0.0;0.0;0.0;0.9996041794894293;-0.02813333160620951
1518089742.9318771;1518089742;931877190;1.7421760559082031;1.5238637924194336;0.0;0.0;0.0;0.9995763572735654;-0.029105085117715573
1518089742.9990454;1518089742;999045425;1.7293930053710935;1.5224046707153323;0.0;0.0;0.0;0.9995791733610535;-0.029008208887018064
1518089743.1317105;1518089743;131710641;1.6950521469116204;1.5223913192749021;0.0;0.0;0.0;0.9995407018378193;-0.03030487369318412
1518089743.1984282;1518089743;198428119;1.695279121398925;1.5226497650146482;0.0;0.0;0.0;0.9995296428629417;-0.030667458947235313
1518089743.3316479;1518089743;331647769;1.6668319702148438;1.5215950012207031;0.0;0.0;0.0;0.9995105933306613;-0.03128216456368429
1518089743.4650798;1518089743;465079780;1.6524715423583987;1.5211973190307615;0.0;0.0;0.0;0.9994787406362046;-0.03228385070382017
1518089743.5317953;1518089743;531795288;1.6299610137939449;1.5207595825195308;0.0;0.0;0.0;0.9994564278529484;-0.032967390303513394
1518089743.598378;1518089743;598377903;1.623313903808594;1.520298957824707;0.0;0.0;0.0;0.9994308883464454;-0.03373276477009999
1518089743.665439;1518089743;665438948;1.6038646697998042;1.5191040039062498;0.0;0.0;0.0;0.9994292666257716;-0.03378077873395483
1518089743.7984812;1518089743;798481240;1.5868778228759761;1.5206031799316406;0.0;0.0;0.0;0.9993400450155303;-0.03632457058738441
1518089743.931746;1518089743;931746054;1.560305595397949;1.5193653106689446;0.0;0.0;0.0;0.9993448989046512;-0.03619078657963401
1518089743.998497;1518089743;998496920;1.5516042709350588;1.518318176269531;0.0;0.0;0.0;0.9993259843037893;-0.036709359777346656
1518089744.0652618;1518089744;65261951;1.5409793853759761;1.517186164855957;0.0;0.0;0.0;0.9993153790282736;-0.036996935516037686
1518089744.1319878;1518089744;131987864;1.5281200408935545;1.5175304412841797;0.0;0.0;0.0;0.9992890297300348;-0.037701923839582555
1518089744.3316743;1518089744;331674374;1.4912757873535156;1.5168399810791013;0.0;0.0;0.0;0.9992571381872932;-0.038537926536604455
1518089744.3991528;1518089744;399152728;1.4825696945190427;1.515860557556152;0.0;0.0;0.0;0.9992318381801673;-0.039188436650164596
1518089744.531892;1518089744;531892080;1.4584665298461912;1.5158176422119136;0.0;0.0;0.0;0.9992316653202968;-0.03919284400533184
1518089744.5985603;1518089744;598560389;1.4452400207519527;1.512629508972168;0.0;0.0;0.0;0.9992441866643796;-0.03887229627179791
1518089744.665277;1518089744;665276921;1.4312009811401363;1.5129575729370115;0.0;0.0;0.0;0.9992162925929229;-0.03958283235007651
1518089744.8669388;1518089744;866938808;1.393974304199219;1.5122251510620122;0.0;0.0;0.0;0.9991635772180884;-0.040891881355020365
1518089744.9985783;1518089744;998578338;1.3749742507934573;1.512317657470703;0.0;0.0;0.0;0.9991140400913788;-0.04208485347821321
1518089745.0655544;1518089745;65554331;1.3601789474487307;1.5087499618530271;0.0;0.0;0.0;0.9991491891748637;-0.04124194189429608
1518089745.1986065;1518089745;198606439;1.3346786499023438;1.5106801986694334;0.0;0.0;0.0;0.9990793002698695;-0.04290165232561742
1518089745.3318577;1518089745;331857610;1.3136959075927732;1.5101289749145503;0.0;0.0;0.0;0.9990245861381328;-0.04415740358685611
1518089745.3985481;1518089745;398548238;1.300026893615723;1.5090427398681643;0.0;0.0;0.0;0.9990204231695263;-0.04425148686971538
1518089745.4652927;1518089745;465292623;1.3010158538818357;1.5058279037475584;0.0;0.0;0.0;0.9992319409524961;-0.039185816060244266
1518089745.6655064;1518089745;665506358;1.2512063980102537;1.5083589553833008;0.0;0.0;0.0;0.9989043336601982;-0.04679884822167684
1518089745.7322335;1518089745;732233490;1.233787536621094;1.506309509277344;0.0;0.0;0.0;0.9986831226007941;-0.05130322243609387
1518089745.9317098;1518089745;931709714;1.2064466476440427;1.5018672943115234;0.0;0.0;0.0;0.9960201235101699;-0.0891286349204674
1518089746.1314425;1518089746;131442535;1.171012878417969;1.4959440231323242;0.0;0.0;0.0;0.9959949985266977;-0.08940896437048909
1518089746.1982458;1518089746;198245672;1.159891128540039;1.4949960708618162;0.0;0.0;0.0;0.9959341769238463;-0.09008393438910552
1518089746.2650714;1518089746;265071430;1.1485652923583984;1.493618965148926;0.0;0.0;0.0;0.995740871478966;-0.09219607836730052
1518089746.3985896;1518089746;398589689;1.125049591064453;1.4893980026245117;0.0;0.0;0.0;0.9957549717820365;-0.09204366448243788
1518089746.5318754;1518089746;531875442;1.0943851470947261;1.4855508804321285;0.0;0.0;0.0;0.995565801032814;-0.0940677192978102
1518089746.6652706;1518089746;665270510;1.0805177688598633;1.4797201156616206;0.0;0.0;0.0;0.995743267099848;-0.09217020139568409
1518089746.7317362;1518089746;731736084;1.0669326782226556;1.4776887893676751;0.0;0.0;0.0;0.995679135293522;-0.09286043043807306
1518089746.7984984;1518089746;798498453;1.0618200302124021;1.4753284454345703;0.0;0.0;0.0;0.9959733435409094;-0.08964986868892669
1518089746.8651688;1518089746;865168928;1.0577573776245113;1.4727783203124993;0.0;0.0;0.0;0.9959661051326333;-0.08973024811585209
1518089746.9984703;1518089746;998470321;1.0233678817749021;1.4703016281127925;0.0;0.0;0.0;0.9954724889162277;-0.09505011210372635
1518089747.1318326;1518089747;131832594;1.0029134750366213;1.464864730834961;0.0;0.0;0.0;0.9955339081933244;-0.0944046483883367
1518089747.1990254;1518089747;199025335;0.9868421554565425;1.4635143280029292;0.0;0.0;0.0;0.9955168197317186;-0.09458467968569222
1518089747.265703;1518089747;265703041;0.9758510589599612;1.461064338684082;0.0;0.0;0.0;0.9954202970807257;-0.09559514715569956
1518089747.3320296;1518089747;332029528;0.9646387100219727;1.4588012695312498;0.0;0.0;0.0;0.9953479584808136;-0.09634542826764877
1518089747.5319436;1518089747;531943588;0.9300222396850584;1.4544248580932615;0.0;0.0;0.0;0.9952982909531946;-0.09685717333089071
1518089747.5984647;1518089747;598464676;0.9204244613647461;1.450752258300781;0.0;0.0;0.0;0.9953335218247558;-0.09649445751922034
1518089747.6652496;1518089747;665249522;0.9048509597778318;1.448953628540039;0.0;0.0;0.0;0.9953828426677234;-0.09598435561445504
1518089747.7985866;1518089747;798586703;0.8837451934814453;1.4444751739501955;0.0;0.0;0.0;0.9953985852034116;-0.09582096104217713
1518089747.8654943;1518089747;865494370;0.8705215454101562;1.4423227310180664;0.0;0.0;0.0;0.9953005422078708;-0.09683403678830317
1518089748.0658767;1518089748;65876680;0.835912704467773;1.4393272399902337;0.0;0.0;0.0;0.9926813019633316;-0.1207635405757253
1518089748.13186;1518089748;131859920;0.8262634277343748;1.4356203079223628;0.0;0.0;0.0;0.9912323463950541;-0.13213037296608027
1518089748.1983001;1518089748;198300165;0.8108434677124022;1.4310579299926758;0.0;0.0;0.0;0.99115865065885;-0.13268206067184685
1518089748.2648816;1518089748;264881532;0.8036642074584961;1.4277782440185542;0.0;0.0;0.0;0.9911370949302359;-0.13284298646617546
1518089748.398214;1518089748;398214034;0.7773056030273435;1.4227113723754883;0.0;0.0;0.0;0.991312462795872;-0.1315279480018711
1518089748.5317495;1518089748;531749399;0.7592554092407228;1.4155521392822266;0.0;0.0;0.0;0.9911826761274491;-0.13250246241043323
1518089748.598948;1518089748;598948100;0.7458105087280273;1.413725852966309;0.0;0.0;0.0;0.9911101848971627;-0.13304360711102134
1518089748.6657598;1518089748;665759711;0.7396421432495119;1.4124832153320312;0.0;0.0;0.0;0.9916925164336635;-0.12863107264369714
1518089748.7316563;1518089748;731656278;0.7217445373535154;1.407994270324707;0.0;0.0;0.0;0.991022757626144;-0.1336932828046083
1518089748.9317977;1518089748;931797795;0.6916236877441403;1.3982992172241209;0.0;0.0;0.0;0.9911234548119108;-0.1329447152830916
1518089749.0652153;1518089749;65215277;0.6665840148925778;1.3930444717407224;0.0;0.0;0.0;0.9909408770770258;-0.13429883892951142
1518089749.2651558;1518089749;265155730;0.6331481933593748;1.3831977844238281;0.0;0.0;0.0;0.9912231768296729;-0.13219914415642434
1518089749.3317766;1518089749;331776733;0.6227979660034179;1.3803625106811523;0.0;0.0;0.0;0.9912020466327239;-0.1323574809034202
1518089749.465651;1518089749;465650980;0.6003084182739258;1.3750581741333003;0.0;0.0;0.0;0.9910396434442487;-0.1335680542715829
1518089749.598832;1518089749;598831884;0.5781106948852538;1.3690433502197268;0.0;0.0;0.0;0.9876828728285646;-0.1564689832558308
1518089749.7315679;1518089749;731567976;0.5568571090698243;1.3586616516113281;0.0;0.0;0.0;0.9869378003037047;-0.16110176389997946
1518089749.8667026;1518089749;866702562;0.5345821380615231;1.3512325286865232;0.0;0.0;0.0;0.9865614775249014;-0.1633904864546383
1518089749.9318662;1518089749;931866227;0.5222291946411131;1.3492918014526363;0.0;0.0;0.0;0.9846661600430108;-0.17444928565675458
1518089749.9990146;1518089749;999014695;0.5119657516479488;1.344635963439941;0.0;0.0;0.0;0.9826947889391879;-0.18523215647334246
1518089750.131411;1518089750;131411003;0.487621307373047;1.3335847854614258;0.0;0.0;0.0;0.9819525718823671;-0.18912732899717272
1518089750.264756;1518089750;264755905;0.4669046401977537;1.323550224304199;0.0;0.0;0.0;0.9818764909270192;-0.18952191579034627
1518089750.3314457;1518089750;331445668;0.46374130249023426;1.324855804443359;0.0;0.0;0.0;0.9828134727511794;-0.1846014024290356
1518089750.398089;1518089750;398089015;0.44495487213134743;1.3139038085937498;0.0;0.0;0.0;0.9820066414558579;-0.1888463823762219
1518089750.4649856;1518089750;464985649;0.4322986602783204;1.3107242584228513;0.0;0.0;0.0;0.9820407539799195;-0.18866890979319112
1518089750.5983214;1518089750;598321494;0.4106788635253905;1.3007469177246092;0.0;0.0;0.0;0.9818835843698495;-0.1894851623347243
1518089750.7317543;1518089750;731754328;0.39159297943115234;1.2930660247802732;0.0;0.0;0.0;0.9819940324115758;-0.1889119379712487
1518089750.79871;1518089750;798710206;0.3805885314941405;1.2907896041870117;0.0;0.0;0.0;0.980883500779751;-0.19459588355887766
1518089750.865601;1518089750;865601172;0.36855506896972656;1.2891759872436528;0.0;0.0;0.0;0.9783294028759641;-0.20705453259554443
1518089751.0647464;1518089751;64746299;0.33436298370361345;1.2697963714599612;0.0;0.0;0.0;0.9668788192269981;-0.2552358692076917
1518089751.1311185;1518089751;131118523;0.3225107192993164;1.2660522460937502;0.0;0.0;0.0;0.9674789014522424;-0.25295172512707303
1518089751.2647502;1518089751;264750337;0.29820060729980447;1.2538309097290035;0.0;0.0;0.0;0.9666782544816314;-0.25599443804963085
1518089751.3985577;1518089751;398557595;0.2795009613037109;1.244258880615234;0.0;0.0;0.0;0.9664606564843105;-0.2568147181684019
1518089751.5317311;1518089751;531731105;0.26004600524902344;1.2318420410156252;0.0;0.0;0.0;0.9661849675965541;-0.25784997263999404
1518089751.732106;1518089751;732105929;0.22759151458740245;1.2205495834350581;0.0;0.0;0.0;0.9560080621784954;-0.2933403910983246
1518089751.7984276;1518089751;798427486;0.21932601928710965;1.206919670104981;0.0;0.0;0.0;0.9523703959472438;-0.30494364876693203
1518089751.8646436;1518089751;864643665;0.22035121917724598;1.2103662490844727;0.0;0.0;0.0;0.9512701421685924;-0.3083587466224139
1518089751.9982295;1518089751;998229585;0.18740940093994118;1.188860893249512;0.0;0.0;0.0;0.9507512694604241;-0.3099548735209564
1518089752.131593;1518089752;131593108;0.18197536468505848;1.1805591583251953;0.0;0.0;0.0;0.9516344580953141;-0.3072325799221787
1518089752.1982045;1518089752;198204408;0.1657590866088866;1.174237251281738;0.0;0.0;0.0;0.9500486139067027;-0.3121019564404443
1518089752.2650113;1518089752;265011350;0.16289710998535134;1.166309356689453;0.0;0.0;0.0;0.9506659170486008;-0.31021656010300724
1518089752.3315854;1518089752;331585430;0.15109157562255848;1.1552352905273438;0.0;0.0;0.0;0.9510001496131392;-0.30919041937904046
1518089752.5314376;1518089752;531437535;0.11941146850585915;1.135126113891602;0.0;0.0;0.0;0.951059695092769;-0.30900721087063515
1518089752.598306;1518089752;598306027;0.1123514175415038;1.1295166015624998;0.0;0.0;0.0;0.9509302787366488;-0.3094052439468977
1518089752.731797;1518089752;731796940;0.09105205535888672;1.112734794616699;0.0;0.0;0.0;0.9510602108028655;-0.30900562361809686
1518089752.7991006;1518089752;799100520;0.08538532257080078;1.1082534790039065;0.0;0.0;0.0;0.951193285859946;-0.3085957435464057
1518089752.9324684;1518089752;932468508;0.06446647644042972;1.090021133422852;0.0;0.0;0.0;0.9398628068777851;-0.3415521984233322
1518089753.065513;1518089753;65512869;0.04763317108154269;1.0735092163085935;0.0;0.0;0.0;0.9233464442655476;-0.38396789431171197
1518089753.1980035;1518089753;198003425;0.031569480895996066;1.0549850463867183;0.0;0.0;0.0;0.906906150976114;-0.4213326872219741
1518089753.2643373;1518089753;264337315;0.026603698730468806;1.0520153045654295;0.0;0.0;0.0;0.90280930678882;-0.4300411091692169
1518089753.3974996;1518089753;397499564;0.009206771850585771;1.0323429107666013;0.0;0.0;0.0;0.9027222405022223;-0.4302238446467698
1518089753.531196;1518089753;531196167;-0.0037021636962892845;1.013352394104004;0.0;0.0;0.0;0.9021032019902749;-0.4315203505732877
1518089753.6650443;1518089753;665044387;-0.018466949462890736;0.997868537902832;0.0;0.0;0.0;0.9018096756927092;-0.43213343868186205
1518089753.7317846;1518089753;731784596;-0.02356338500976557;0.9867954254150391;0.0;0.0;0.0;0.9015014941223204;-0.43277598835335584
1518089753.865188;1518089753;865187923;-0.043113708496093694;0.9694738388061523;0.0;0.0;0.0;0.9018063787499693;-0.4321403189310933
1518089753.9989944;1518089753;998994452;-0.05855751037597656;0.957832336425781;0.0;0.0;0.0;0.8942753286403512;-0.4475171913850818
1518089754.065706;1518089754;65706079;-0.06571102142333984;0.9489841461181638;0.0;0.0;0.0;0.8872050169342566;-0.46137539805096406
1518089754.1996634;1518089754;199663370;-0.07961940765380857;0.933222770690918;0.0;0.0;0.0;0.8668980777520959;-0.49848542886399516
1518089754.3314257;1518089754;331425761;-0.08798313140869132;0.9100723266601567;0.0;0.0;0.0;-0.8401171495302944;0.542404991740575
1518089754.4644048;1518089754;464404717;-0.10710716247558588;0.8837337493896484;0.0;0.0;0.0;-0.8334539878788634;0.5525888617125934
1518089754.5308504;1518089754;530850362;-0.11667633056640625;0.8722887039184573;0.0;0.0;0.0;-0.8331596777180047;0.5530325048537654
1518089754.5978289;1518089754;597828888;-0.12038612365722653;0.8614664077758794;0.0;0.0;0.0;-0.8331002070975939;0.553122088633193
1518089754.664843;1518089754;664843113;-0.12602329254150396;0.8540821075439453;0.0;0.0;0.0;-0.8323881868752355;0.5541930226469458
1518089754.7984166;1518089754;798416718;-0.13426780700683588;0.8329916000366211;0.0;0.0;0.0;-0.8248108868520174;0.5654087025598286
1518089754.931866;1518089754;931865961;-0.1455535888671874;0.8113851547241215;0.0;0.0;0.0;-0.8213437481647075;0.570433560855907
1518089755.0648842;1518089755;64884182;-0.15167331695556635;0.7874031066894527;0.0;0.0;0.0;-0.8162734478670334;0.5776656977069569
1518089755.1313212;1518089755;131321075;-0.1566152572631835;0.7759342193603518;0.0;0.0;0.0;-0.8173346242843831;0.5761632684803037
1518089755.3315306;1518089755;331530495;-0.17148399353027344;0.7429590225219731;0.0;0.0;0.0;-0.8157503048495045;0.5784042186377453
1518089755.5316105;1518089755;531610442;-0.18669223785400388;0.7114419937133788;0.0;0.0;0.0;-0.8151330040455408;0.5792738434589397
1518089755.5988283;1518089755;598828308;-0.18750286102294922;0.6995925903320314;0.0;0.0;0.0;-0.8151265128409707;0.579282977536643
1518089755.7316134;1518089755;731613288;-0.20016765594482425;0.6793422698974609;0.0;0.0;0.0;-0.8147198491174588;0.5798547813496284
1518089755.7983506;1518089755;798350641;-0.20293521881103516;0.667865753173828;0.0;0.0;0.0;-0.8142366658504679;0.5805330757025935
1518089755.9320064;1518089755;932006457;-0.20895671844482422;0.645212173461914;0.0;0.0;0.0;-0.8142689140940459;0.5804878427151627
1518089755.9987977;1518089755;998797548;-0.21537876129150393;0.6387910842895508;0.0;0.0;0.0;-0.8116897566890061;0.584088810786632
1518089756.0656486;1518089756;65648442;-0.2151145935058594;0.6310586929321288;0.0;0.0;0.0;-0.8030192849701007;0.5959530417458311
1518089756.1987128;1518089756;198712919;-0.21886348724365237;0.6043224334716795;0.0;0.0;0.0;-0.7843545383026416;0.6203127906500477
1518089756.265191;1518089756;265191022;-0.22396564483642578;0.5937108993530271;0.0;0.0;0.0;-0.7718386448858122;0.6358184538536398
1518089756.397725;1518089756;397725160;-0.22793197631835932;0.563915252685547;0.0;0.0;0.0;-0.7596200939169211;0.6503670601419234
1518089756.4646456;1518089756;464645601;-0.2281475067138672;0.5507297515869138;0.0;0.0;0.0;-0.7596089295144934;0.6503800997892273
1518089756.6650815;1518089756;665081530;-0.23689556121826172;0.5155887603759766;0.0;0.0;0.0;-0.7362388425776649;0.6767217793745819
1518089756.731355;1518089756;731355054;-0.2362117767333985;0.5011367797851564;0.0;0.0;0.0;-0.7359136513934409;0.6770754003010103
1518089756.8646114;1518089756;864611488;-0.23833560943603518;0.4778785705566406;0.0;0.0;0.0;-0.7361752701696556;0.676790936398113
1518089756.9312403;1518089756;931240264;-0.24172592163085938;0.4652147293090819;0.0;0.0;0.0;-0.7360348715397093;0.6769436223774649
1518089756.9985085;1518089756;998508468;-0.2418165206909179;0.45314598083496105;0.0;0.0;0.0;-0.7361396086908718;0.6768297249060875
1518089757.1316824;1518089757;131682357;-0.2431955337524414;0.43043899536132824;0.0;0.0;0.0;-0.7356147777070905;0.6774001024645243
1518089757.332035;1518089757;332034981;-0.24840927124023438;0.4009056091308594;0.0;0.0;0.0;-0.7086740973729622;0.7055359832869033
1518089757.3988893;1518089757;398889366;-0.24976253509521482;0.3867664337158203;0.0;0.0;0.0;-0.6924527509508721;0.7214632268526024
1518089757.464832;1518089757;464832049;-0.2487783432006836;0.37482643127441406;0.0;0.0;0.0;-0.6752681356465556;0.7375723320328826
1518089757.5974672;1518089757;597467161;-0.24295997619628906;0.3444309234619142;0.0;0.0;0.0;-0.670096790882939;0.7422737304043479
1518089757.664471;1518089757;664470982;-0.24010848999023438;0.3335742950439453;0.0;0.0;0.0;-0.6708770429982553;0.7415686031500505
1518089757.798192;1518089757;798192035;-0.24081707000732422;0.31697845458984364;0.0;0.0;0.0;-0.663338028577221;0.748319891385553
1518089757.865132;1518089757;865132175;-0.2375812530517578;0.3039970397949219;0.0;0.0;0.0;-0.6586686268498854;0.752433146534419
1518089757.932067;1518089757;932066914;-0.2413911819458008;0.29223918914794933;0.0;0.0;0.0;-0.6480745811333467;0.7615768754950725
1518089758.1322463;1518089758;132246171;-0.23655986785888675;0.2613868713378905;0.0;0.0;0.0;-0.5956154895557078;0.8032696860963413
1518089758.1984355;1518089758;198435498;-0.23547267913818357;0.24870491027832042;0.0;0.0;0.0;-0.5743472771970037;0.8186117548486512
1518089758.3306022;1518089758;330602132;-0.22260284423828125;0.21922683715820312;0.0;0.0;0.0;-0.5457802844185843;0.8379283269707316
1518089758.3979163;1518089758;397916401;-0.22030830383300784;0.20316028594970692;0.0;0.0;0.0;-0.5481289174816275;0.8363938604631309
1518089758.5310917;1518089758;531091774;-0.20979595184326172;0.18571758270263672;0.0;0.0;0.0;-0.5476973173344273;0.8366765495606242
1518089758.598457;1518089758;598457186;-0.20920753479003906;0.1768465042114259;0.0;0.0;0.0;-0.5421021403349459;0.840312602216741
1518089758.6654341;1518089758;665434030;-0.2080526351928711;0.1630983352661134;0.0;0.0;0.0;-0.5206412706438207;0.8537755368376326
1518089758.7985709;1518089758;798570830;-0.1954946517944336;0.14457321166992188;0.0;0.0;0.0;-0.4827502838084575;0.8757580507667935
1518089758.8652768;1518089758;865276836;-0.19004440307617188;0.13404750823974615;0.0;0.0;0.0;-0.4632125283163233;0.8862472305236273
1518089758.9973557;1518089758;997355705;-0.16871070861816403;0.11562347412109375;0.0;0.0;0.0;-0.43048765179347454;0.9025964666745269
1518089759.1311915;1518089759;131191574;-0.15470504760742188;0.09554195404052729;0.0;0.0;0.0;-0.4280377888782714;0.903760837441079
1518089759.19789;1518089759;197890006;-0.1525564193725586;0.08957672119140625;0.0;0.0;0.0;-0.4113049508537988;0.9114977989019799
1518089759.2646396;1518089759;264639611;-0.14375877380371094;0.07831192016601568;0.0;0.0;0.0;-0.3969370181543611;0.9178458495949766
1518089759.3983095;1518089759;398309423;-0.12972831726074224;0.06289196014404297;0.0;0.0;0.0;-0.37872902652052565;0.9255076036807126
1518089759.4651241;1518089759;465124246;-0.12114810943603518;0.054222106933593806;0.0;0.0;0.0;-0.3553935247336246;0.9347167713149318
1518089759.5983849;1518089759;598384795;-0.10721397399902344;0.03728675842285151;0.0;0.0;0.0;-0.3122355503931359;0.9500047163412904
1518089759.6646466;1518089759;664646611;-0.10333538055419922;0.03447914123535145;0.0;0.0;0.0;-0.2896124981055812;0.9571439813011648
1518089759.8660254;1518089759;866025520;-0.08742523193359375;0.028936386108398438;0.0;0.0;0.0;-0.24120140543635796;0.9704750805742132
1518089759.9304168;1518089759;930416931;-0.09041118621826176;0.028800010681152288;0.0;0.0;0.0;-0.2425480315625781;0.9701393984294827
1518089760.1310623;1518089760;131062387;-0.09180641174316405;0.028802871704101562;0.0;0.0;0.0;-0.2424839611395211;0.9701554146579233
1518089760.1978476;1518089760;197847519;-0.08901405334472653;0.027795791625976507;0.0;0.0;0.0;-0.24212519349870082;0.9702450157940605
1518089760.331337;1518089760;331337031;-0.07428455352783203;0.022008895874023382;0.0;0.0;0.0;-0.24293289442822677;0.9700430963646534
1518089760.3983755;1518089760;398375474;-0.07058238983154302;0.01927471160888672;0.0;0.0;0.0;-0.2415877897211515;0.9703789671348244
1518089760.5315676;1518089760;531567607;-0.0730571746826172;0.019401550292968694;0.0;0.0;0.0;-0.2155453349698053;0.9764938343751867
1518089760.598296;1518089760;598295931;-0.06435489654541016;0.020046234130859264;0.0;0.0;0.0;-0.2106817552593611;0.9775547033290949
1518089760.664583;1518089760;664583054;-0.06598567962646483;0.019744873046875;0.0;0.0;0.0;-0.2034507499231287;0.9790851813584539
1518089760.7978554;1518089760;797855280;-0.06252861022949213;0.019255638122558594;0.0;0.0;0.0;-0.20381418967297063;0.9790095893748694
1518089760.8648646;1518089760;864864655;-0.06606101989746105;0.01980972290039057;0.0;0.0;0.0;-0.19965642814283321;0.9798659656816567
1518089760.9982893;1518089760;998289397;-0.0702810287475586;0.020940780639648438;0.0;0.0;0.0;-0.16955124558281132;0.9855213722296017
1518089761.064672;1518089761;64671890;-0.06446933746337893;0.020683288574218806;0.0;0.0;0.0;-0.15674903760522285;0.9876384658415429
1518089761.1982217;1518089761;198221718;-0.05955314636230474;0.016670227050781194;0.0;0.0;0.0;-0.1584823354043668;0.9873618127944678
1518089761.2650561;1518089761;265056165;-0.05886840820312503;0.017424583435058594;0.0;0.0;0.0;-0.15962300394261744;0.9871780470676681
1518089761.3981442;1518089761;398144361;-0.06339263916015625;0.01780128479003895;0.0;0.0;0.0;-0.14558617909877689;0.9893455738291949
1518089761.4648683;1518089761;464868351;-0.0628366470336914;0.01765823364257807;0.0;0.0;0.0;-0.1372992495313715;0.9905296139329314
1518089761.598066;1518089761;598066062;-0.06103992462158199;0.018114089965820368;0.0;0.0;0.0;-0.12262886103308906;0.9924525995944226
1518089761.7313738;1518089761;731373684;-0.06014060974121095;0.017234802246093806;0.0;0.0;0.0;-0.10485167461249419;0.9944878713845411
1518089761.8647614;1518089761;864761392;-0.05984115600585936;0.016828536987304688;0.0;0.0;0.0;-0.08761877395853;0.9961540796734228
1518089761.9979258;1518089761;997925781;-0.05849456787109375;0.015302658081054632;0.0;0.0;0.0;-0.07010513172421828;0.9975396084897732
1518089762.131215;1518089762;131215182;-0.057123184204101576;0.013474464416503906;0.0;0.0;0.0;-0.05182009873723716;0.9986564361014567
1518089762.197868;1518089762;197868103;-0.05769252777099611;0.013391494750976618;0.0;0.0;0.0;-0.04492478391855223;0.9989903722208094
1518089762.2645917;1518089762;264591704;-0.057852745056152344;0.014063835144042969;0.0;0.0;0.0;-0.038608403975829354;0.9992544176246804
1518089762.331021;1518089762;331020994;-0.0554161071777344;0.011996269226074219;0.0;0.0;0.0;-0.030940751468662354;0.999521220334293
1518089762.531034;1518089762;531033951;-0.056014060974121066;0.012853622436523438;0.0;0.0;0.0;-0.01843529994299628;0.9998300554174253
1518089762.598189;1518089762;598189206;-0.05508041381835935;0.011948585510253906;0.0;0.0;0.0;-0.01961001403356544;0.999807705186154
1518089762.7979279;1518089762;797927746;-0.054984092712402344;0.013012886047363281;0.0;0.0;0.0;-0.0196371885178175;0.9998071718222047
1518089762.931481;1518089762;931480906;-0.05547809600830078;0.010834693908691406;0.0;0.0;0.0;-0.015706759396753492;0.9998766412459351
1518089763.0648715;1518089763;64871504;-0.058429718017578125;0.010895729064941406;0.0;0.0;0.0;0.002257011311545959;0.999997452946726
1518089763.1311514;1518089763;131151490;-0.05274963378906253;0.012735366821289062;0.0;0.0;0.0;0.0027023094878827897;0.9999963487550501
1518089763.1978087;1518089763;197808755;-0.05627727508544926;0.012317657470703125;0.0;0.0;0.0;0.001569475683521976;0.999998768372281
1518089763.2645736;1518089763;264573578;-0.05420017242431638;0.012443542480468806;0.0;0.0;0.0;0.0020061235922863713;0.9999979877320416
1518089763.3979053;1518089763;397905423;-0.05621910095214838;0.012079238891601618;0.0;0.0;0.0;0.0013687818227936105;0.999999063217722
1518089763.4645789;1518089763;464578817;-0.05413246154785156;0.01244735717773443;0.0;0.0;0.0;0.001418905787894317;0.9999989933526758
1518089763.597904;1518089763;597904063;-0.04517555236816409;0.01282501220703125;0.0;0.0;0.0;0.0029774359672802833;0.9999955674277066
1518089763.664553;1518089763;664552956;-0.04314422607421878;0.012533187866210826;0.0;0.0;0.0;0.003068134962943503;0.9999952932628479
1518089763.798118;1518089763;798118233;-0.03896045684814453;0.011772155761718806;0.0;0.0;0.0;0.002857860245663937;0.9999959163090699
1518089763.931203;1518089763;931202800;-0.03576183319091797;0.012060165405273382;0.0;0.0;0.0;0.0025911106605029806;0.999996643067138
1518089763.9984143;1518089763;998414186;-0.03260040283203122;0.012559890747070368;0.0;0.0;0.0;0.002613988522068593;0.9999965835261672
1518089764.0651095;1518089764;65109548;-0.031144142150878906;0.012260437011718694;0.0;0.0;0.0;0.0020136256133029135;0.9999979726538897
1518089764.2649012;1518089764;264901218;-0.029878616333007812;0.01178073883056635;0.0;0.0;0.0;0.0017227833950497066;0.9999985160075857
1518089764.3311465;1518089764;331146520;-0.026567459106445285;0.01214981079101568;0.0;0.0;0.0;0.0017150635572183294;0.9999985292774158
1518089764.464494;1518089764;464494055;-0.01753139495849612;0.011750221252441406;0.0;0.0;0.0;0.0032891713845493173;0.999994590661171
1518089764.5978005;1518089764;597800471;-0.011896133422851535;0.011549949645996038;0.0;0.0;0.0;0.0038936775512282;0.9999924196088323
1518089764.731086;1518089764;731086121;-0.014056205749511719;0.01081466674804693;0.0;0.0;0.0;0.003348779426294371;0.9999943928224568
1518089764.8660479;1518089764;866047781;-0.014352798461914062;0.01134872436523432;0.0;0.0;0.0;0.003595321842509145;0.999993536809538
1518089764.931124;1518089764;931123942;-0.013792991638183622;0.011734962463378962;0.0;0.0;0.0;0.00362301989396853;0.9999934368418865
1518089764.9981322;1518089764;998132262;-0.013187408447265625;0.011532783508300837;0.0;0.0;0.0;0.003628255987898426;0.9999934178575808
1518089765.0646367;1518089765;64636636;-0.012829780578613253;0.011857986450195368;0.0;0.0;0.0;0.0036530161986067368;0.9999933277140666
1518089765.1978786;1518089765;197878595;-0.007772445678710993;0.010767936706542969;0.0;0.0;0.0;0.00326983210962549;0.999994654084698
1518089765.3311534;1518089765;331153389;-0.0036220550537109097;0.01117324829101557;0.0;0.0;0.0;0.0031417367983815753;0.9999950647327663
1518089765.398374;1518089765;398374184;-0.0011520385742187222;0.011897087097168024;0.0;0.0;0.0;0.0026573435328006703;0.9999964692564413
1518089765.4650085;1518089765;465008514;0.0032358169555664062;0.01030349731445318;0.0;0.0;0.0;0.00481947135809055;0.999988386280475
1518089765.5311131;1518089765;531113163;0.0033388137817382535;0.01046848297119135;0.0;0.0;0.0;0.004661477052700606;0.9999891352568222
1518089765.664545;1518089765;664545110;0.0025072097778320312;0.01042556762695307;0.0;0.0;0.0;0.00425384121468414;0.9999909523765305
1518089765.7978058;1518089765;797805696;0.0035133361816406528;0.010300636291503906;0.0;0.0;0.0;0.004842448214866041;0.9999882752789087
1518089765.8645532;1518089765;864553274;0.002240180969238309;0.010545730590820368;0.0;0.0;0.0;0.004547302772017427;0.999989660965302
1518089765.9981148;1518089765;998114792;0.003693580627441434;0.010193824768066406;0.0;0.0;0.0;0.004725274740346398;0.9999888358269947
1518089766.1316283;1518089766;131628279;-0.0028429031372070035;0.008404731750488281;0.0;0.0;0.0;0.015683376767419488;0.9998770082831044
1518089766.2645655;1518089766;264565513;-5.5313110351534744e-05;0.00970077514648443;0.0;0.0;0.0;0.028639259492808634;0.9995898122808693
1518089766.397763;1518089766;397763106;0.00025844573974609375;0.009369850158691406;0.0;0.0;0.0;0.028582591233198666;0.9995914342762227
1518089766.464347;1518089766;464346812;0.00030994415283203125;0.009774208068847712;0.0;0.0;0.0;0.028607613085148333;0.9995907184811044
1518089766.5311007;1518089766;531100757;-0.0007619857788086215;0.009228706359863226;0.0;0.0;0.0;0.028761525287328324;0.9995863017584556
1518089766.7314093;1518089766;731409242;0.000432014465332059;0.008875846862793024;0.0;0.0;0.0;0.028892466955375822;0.9995825255341514
1518089766.8650918;1518089766;865091853;0.003432273864746066;0.009583473205566295;0.0;0.0;0.0;0.028610119179311246;0.9995906467552333
1518089766.9310799;1518089766;931079938;0.004764556884765597;0.009385108947753962;0.0;0.0;0.0;0.02853021825512155;0.9995929304703566
1518089767.064631;1518089767;64631065;0.0020837783813476562;0.009979248046874889;0.0;0.0;0.0;0.028586445333148275;0.999591324063597
1518089767.197837;1518089767;197837221;0.002821922302246066;0.009300231933593694;0.0;0.0;0.0;0.028793121284513036;0.9995853921335062
1518089767.3311253;1518089767;331125184;0.006961822509765597;0.004660606384277344;0.0;0.0;0.0;0.02778958166382011;0.9996137949983233
1518089767.3977628;1518089767;397762761;0.007808685302734375;0.005600929260253962;0.0;0.0;0.0;0.028199307258771678;0.9996023204605546
1518089767.464543;1518089767;464543209;0.007321357727050781;0.006312370300293024;0.0;0.0;0.0;0.027682721860505972;0.9996167600187553
1518089767.6646101;1518089767;664610264;0.0025138854980468472;0.0069198608398438055;0.0;0.0;0.0;0.02656699278417897;0.9996470351551119
1518089767.7311354;1518089767;731135324;0.006918907165527344;0.0065822601318359375;0.0;0.0;0.0;0.02808430654631583;0.9996055580706885
1518089767.7978108;1518089767;797810762;0.0078516006469726;0.006651878356933594;0.0;0.0;0.0;0.02814715527779787;0.999603790333834
1518089767.8645115;1518089767;864511483;0.007713317871093722;0.006936073303222545;0.0;0.0;0.0;0.028254994914082752;0.9996007479300949
1518089767.997895;1518089767;997895065;0.006892204284667969;0.006548881530761663;0.0;0.0;0.0;0.02813391152976125;0.9996041631676189
1518089768.13113;1518089768;131129931;0.008357048034667969;0.00641632080078125;0.0;0.0;0.0;0.028375498834443458;0.999597334463181
1518089768.1985588;1518089768;198558871;0.008587837219238226;0.006282806396484264;0.0;0.0;0.0;0.028166453940173374;0.9996032467296393
1518089768.2649806;1518089768;264980543;0.007312774658203097;0.0066490173339843195;0.0;0.0;0.0;0.02821854817375422;0.9996017774788946
1518089768.3978295;1518089768;397829421;0.007401466369628906;0.006854057312011774;0.0;0.0;0.0;0.02801983783883286;0.9996073672635098
1518089768.5311043;1518089768;531104333;0.007967948913574247;0.006830215454101618;0.0;0.0;0.0;0.028106677393264203;0.9996049293025275
1518089768.6645122;1518089768;664512268;0.007896423339843778;0.0065364837646484375;0.0;0.0;0.0;0.028165156191570936;0.9996032832962807
1518089768.7311425;1518089768;731142501;0.0069150924682617465;0.006702423095703125;0.0;0.0;0.0;0.02802928518827235;0.9996071024016558
1518089768.931344;1518089768;931344151;0.009125709533691378;0.006539344787597545;0.0;0.0;0.0;0.02824547314861029;0.9996010170296002
1518089768.9979122;1518089768;997912212;0.008379936218261747;0.006244659423828125;0.0;0.0;0.0;0.028048017893266254;0.9996065769552834
1518089769.0645943;1518089769;64594244;0.006795883178710965;0.006804466247558594;0.0;0.0;0.0;0.027947854316289846;0.9996093824285142
1518089769.1980574;1518089769;198057299;0.007643699645996066;0.006649971008300726;0.0;0.0;0.0;0.02819186894985964;0.9996025302714644
1518089769.3313048;1518089769;331304703;0.007407188415527399;0.0067844390869140625;0.0;0.0;0.0;0.02814053805916573;0.9996039766416202
1518089769.3979383;1518089769;397938289;0.008350372314453125;0.0066471099853515625;0.0;0.0;0.0;0.028146235495653253;0.9996038162329229
1518089769.5312123;1518089769;531212440;0.008542060852050781;0.0063667297363281805;0.0;0.0;0.0;0.028147453182940797;0.9996037819452837
1518089769.5982728;1518089769;598272756;0.008955001831054715;0.0063362121582031805;0.0;0.0;0.0;0.028248299515711426;0.9996009371616609
1518089769.6652935;1518089769;665293466;0.007162094116210965;0.0062999725341796875;0.0;0.0;0.0;0.028261353307079955;0.9996005681817375
1518089769.7978356;1518089769;797835637;0.007813453674316406;0.006456375122070257;0.0;0.0;0.0;0.028132801832667864;0.9996041943994852
1518089769.9312725;1518089769;931272511;0.008149147033691378;0.0060863494873046875;0.0;0.0;0.0;0.028071602729089526;0.9996059149085804
1518089769.9978123;1518089769;997812381;0.008199691772460993;0.006678581237793024;0.0;0.0;0.0;0.028073110877055513;0.9996058725546206
1518089770.0646944;1518089770;64694325;0.007203102111816434;0.0065517425537109375;0.0;0.0;0.0;0.028119775922584297;0.9996045609149968
1518089770.1313057;1518089770;131305729;0.007765769958496066;0.006534576416015514;0.0;0.0;0.0;0.028184369196515034;0.9996027417594424
1518089770.3311827;1518089770;331182657;0.008017539978027372;0.006461143493652344;0.0;0.0;0.0;0.028174685426257336;0.9996030147519221
1518089770.3981042;1518089770;398104167;0.007987022399902344;0.006509780883789007;0.0;0.0;0.0;0.02815994657762191;0.9996034300705182
1518089770.4645798;1518089770;464579754;0.006687164306640597;0.006503105163574163;0.0;0.0;0.0;0.028108319597204823;0.9996048831260387
1518089770.5978384;1518089770;597838313;0.0072412490844726285;0.0066280364990233265;0.0;0.0;0.0;0.02818996049738399;0.9996025840938768
1518089770.731051;1518089770;731051046;0.00833225250244135;0.0063419342041014515;0.0;0.0;0.0;0.028140962574072812;0.9996039646907192
1518089770.86459;1518089770;864590001;0.0034036636352539618;0.006630897521972712;0.0;0.0;0.0;0.026732781940955765;0.999642615322945
1518089770.9311576;1518089770;931157537;0.007250785827636719;0.006877899169921764;0.0;0.0;0.0;0.028070223052931383;0.9996059536526174
1518089770.9984188;1518089770;998418864;0.007549285888671875;0.006892204284667913;0.0;0.0;0.0;0.02796118005783533;0.999609009768206
1518089771.0652318;1518089771;65231719;0.006622314453124889;0.0068168640136719305;0.0;0.0;0.0;0.028094636423958753;0.9996052677953461
1518089771.1978934;1518089771;197893428;0.006325721740722684;0.007027626037597656;0.0;0.0;0.0;0.02797057342722577;0.99960874697161
1518089771.3312144;1518089771;331214423;0.0077991485595703125;0.006638526916503906;0.0;0.0;0.0;0.02811661440166375;0.999604649846422
1518089771.39803;1518089771;398030017;0.007704734802246066;0.006539344787597656;0.0;0.0;0.0;0.028243948250851265;0.9996010601170866
1518089771.4646463;1518089771;464646376;0.007569313049316406;0.0071582794189453125;0.0;0.0;0.0;0.028070917545795;0.9996059341501216
1518089771.597851;1518089771;597851096;0.007150650024414035;0.0065097808837890625;0.0;0.0;0.0;0.028217146160464765;0.9996018170564512
1518089771.7310596;1518089771;731059545;0.006850242614746066;0.005910873413085993;0.0;0.0;0.0;0.02806445485162621;0.999606115614486
1518089771.7978194;1518089771;797819494;0.008526802062988281;0.0065383911132813055;0.0;0.0;0.0;0.028168671470315213;0.999603184242426
1518089771.864552;1518089771;864552076;0.008855819702148493;0.007168769836425781;0.0;0.0;0.0;0.027971383360843503;0.9996087243081068
1518089771.9311218;1518089771;931121945;0.008641242980957031;0.005976676940918024;0.0;0.0;0.0;0.028296116846344484;0.9995995847195106
1518089772.064567;1518089772;64567154;0.007354736328125028;0.006370544433593639;0.0;0.0;0.0;0.028340759578049626;0.9995983199998584
1518089772.197913;1518089772;197912869;0.008475303649902372;0.006257057189941406;0.0;0.0;0.0;0.028197035735314593;0.9996023845388432
